461695
616440
870502
863561
775080
364052
389923
717626
655465
230609
186429
463065
939580
109807
327667
769109
889223
623739
34198
51330
205529
175571
353394
593820
141752
904230
848076
77591
440841
580989
212919
792376
548445
959689
867715
148919
343352
481306
852907
63830
667568
525322
563746
643998
331966
64883
699479
251888
37043
74010
521203
509606
69270
341615
576936
957744
245505
972802
130116
289456
667812
140396
478085
269390
678455
473919
572513
491740
66043
468339
610037
354528
614938
376600
710035
743847
114033
906765
427168
534310
208668
246940
897302
280419
578351
377425
280391
427313
929490
363328
477553
996336
753533
581463
627088
365375
225904
654547
401442
741622
586800
155556
609135
35531
480538
808850
613637
773571
809716
576541
631059
659730
908207
516786
172710
451054
770074
552159
583605
981066
251177
545466
630709
210448
726520
15930
529634
634933
731905
884124
847482
418534
911276
521871
871697
126101
308958
903169
33554
31395
590676
710987
992583
831405
822112
272633
151622
477811
682943
507395
869451
527791
732847
37478
648292
327453
346235
105305
890350
848797
1316
745240
311098
241086
111538
953927
373036
402492
807925
883772
16781
290350
77727
518374
802128
808751
156802
565489
72221
102389
725586
950297
415881
325158
758048
546812
596104
207783
344499
904609
837989
219694
790885
276328
950443
374132
292902
33420
586528
117592
913863
568278
241179
511354
463469
26513
652968
778086
98347
915687
804201
193995
406678
989901
136480
360271
549397
114891
762053
520331
655305
669672
153607
114429
597687
140954
278659
134234
641115
59739
48448
344836
872004
502066
688810
325912
819951
584034
659480
796470
382403
537841
929057
121302
780910
530381
547347
398697
842972
373841
105473
269131
426050
611748
805084
225578
180540
751876
855536
114928
373711
972964
821307
247860
993141
222447
947730
14406
594057
554410
754459
573912
561055
856819
645612
158995
687140
69886
764422
449069
781137
744380
757234
668334
324702
627071
683791
295153
426874
152577
585129
806283
931269
