967861
719593
694777
180671
770614
857319
467171
644378
319498
958654
519007
565632
550851
940252
971690
507255
137310
123941
653851
46327
665001
919241
811814
928342
228315
602008
729353
864968
873127
692320
514907
104906
648430
167424
969709
356404
179675
83365
239173
659765
559267
659272
479157
939736
95082
752733
19579
370664
863169
275665
333283
105920
221825
685565
977336
220398
873999
910941
772838
559379
271652
788564
423015
859759
997477
766815
22410
451823
796836
242686
314767
218923
811497
440623
932089
447116
683752
28626
814532
169506
135704
485577
398737
582088
432591
122297
3113
308583
744296
746753
811402
278828
427844
958689
346363
202537
104473
569351
582170
99475
296955
750805
653636
358980
894056
471166
698326
769047
172954
602520
852039
528880
68387
791144
217031
223264
555673
384440
70944
457690
943261
348519
295131
531579
488678
391468
483911
456331
273808
702276
536544
354707
222333
746906
878741
526161
948604
728391
256049
405605
473649
459777
239209
301774
234613
505444
159618
690869
498294
732917
942580
531618
559589
207237
435060
667762
263474
692592
642527
155980
452727
975201
148576
95869
110162
882671
603185
477180
322728
608755
947545
966848
962409
288415
440974
606545
990828
818925
243413
786572
532626
956131
5441
37718
451483
19479
847019
438879
529165
342358
257610
285701
37961
889624
465809
480986
666388
224589
487573
520515
958406
240525
534286
867764
852774
877962
465078
657098
558257
345301
260387
460892
657457
395031
531165
183394
684647
812373
312876
464246
236160
964299
295786
375325
371188
200357
314515
322486
441817
749959
224379
474342
859856
602262
364333
340470
607280
792815
495927
344683
100983
320083
286276
9024
692170
278120
743094
573834
752577
801558
691319
500676
610093
530238
768413
280248
763011
395551
324570
864304
569372
8675
684555
262476
937647
327528
827161
448779
11371
387020
259584
286359
29113
842666
678696
371798
25575
645400
751811
387588
392922
64548
711566
191459
594403
840036
993104
967074
925034
397501
939763
689949
362229
981336
82035
700820
748186
381599
331877
124827
982166
830880
529441
599202
465381
896699
357333
703858
916129
397758
657134
531384
452776
253693
919603
710829
847664
656467
465430
683226
317962
393915
401460
527354
410358
263286
924280
304549
269138
922777
403233
628837
36246
674277
357351
20030
890600
172352
147176
587485
416080
928091
474527
443480
529405
345621
269719
422264
403763
640439
672604
808343
640848
994218
426645
964198
464486
851504
294703
750239
171443
101418
398360
396950
212559
448889
146515
961988
640076
494468
917634
533023
339139
649620
750665
641472
291370
865819
546029
560278
746602
893148
131468
141644
789021
889768
561845
647229
372727
384340
29071
143811
507173
314447
455898
644889
855282
876976
818192
780518
561706
608437
716056
756593
122979
286580
90048
767544
943958
751722
336930
110305
112214
737969
839936
624338
877994
834928
843576
439337
845862
861864
999060
500144
331652
127726
506377
684862
271875
588487
487313
824859
987248
574559
691934
988149
739536
284450
52228
521496
606498
658653
315570
685610
199059
340877
115100
39505
426261
306000
605611
943504
230558
789609
253102
60787
404908
107470
238569
169157
693260
424181
772621
608564
938869
481497
395514
160547
377345
857470
401582
672139
355388
601951
475192
341596
603538
871136
501760
239273
588350
325047
211028
661649
291605
658435
915370
961408
763700
71700
901233
469848
953181
243438
833978
553009
301833
722337
860189
422042
309877
269692
86530
458765
545137
836158
953767
413005
866322
406843
892365
670682
205655
382120
955295
446105
22742
665713
795652
309506
859600
760286
836689
984581
55888
868126
256091
737935
863962
286467
586633
579212
771418
526880
548041
818108
562539
251904
495864
468147
364386
196823
944208
857487
156472
695097
855180
209280
184331
948570
341113
8678
727114
308302
595784
104172
656099
317363
58990
147386
350894
376381
587018
881174
553424
692924
703894
363509
243679
437044
8373
594078
942605
203931
604197
537884
823377
442253
728928
498168
45069
141735
589403
55130
801199
20841
511393
296906
847193
563807
653399
828938
582272
568065
928231
149882
982071
317461
659132
919581
178000
811710
980070
369506
675189
793758
350949
720115
286819
743200
140709
750254
729268
551227
373835
10098
117604
656491
519706
326633
49334
915212
42837
530499
488438
721486
271032
637970
26003
286995
540102
586685
892130
91796
980836
136815
827168
147031
63874
113858
458637
659868
22415
93970
98678
199541
610887
658781
821769
290492
765096
916863
666466
142816
332535
