385789
850028
975453
414339
441561
219709
258654
738750
548362
225993
724127
656421
393720
758022
88040
579793
898262
428531
786607
982333
442142
919852
28044
483525
170470
917102
324166
167624
878617
291353
903844
604861
571376
83663
753336
337533
251249
978892
550679
118098
486931
12065
417625
767810
971937
175660
655542
378982
241070
278383
957696
486483
646840
820625
625288
606186
26632
85711
465270
475792
824900
788787
979441
106230
119458
332579
977030
982694
670045
468284
517431
293210
255935
458635
406223
781396
172299
27750
514930
195282
965371
514573
419369
745687
482328
763859
824105
787476
742767
390482
659973
38077
134335
962500
165887
763922
276603
379180
914768
633109
762781
642775
609393
246166
232502
247735
802225
712355
459234
938214
710357
823933
466644
673103
471988
868682
38222
333129
