921467
151860
342771
85894
828696
976367
21973
342528
280438
27688
973477
715189
766478
431634
907766
866896
642088
512434
893244
113467
116565
180197
949904
30331
871836
604758
384964
926822
726396
331404
882621
492714
35631
522927
50624
855503
629150
600440
911759
138929
949684
580068
456992
510449
860311
83349
588323
357342
728256
961969
27643
471659
146951
67338
731762
658206
442762
445566
768810
50146
570390
622324
249911
915924
733574
63325
814703
694445
713713
671717
862864
152865
964028
784720
481850
785332
168979
723674
204680
135926
320654
58159
587452
198151
336434
613405
989173
990650
674842
515909
625862
486322
832443
322866
192864
674006
940498
841815
357015
222571
260776
695976
926000
783572
611496
765969
272277
952184
917570
382393
551541
514135
445418
77876
28664
941684
829132
476214
774161
345143
502358
405508
710999
