91638
556326
333689
343984
176573
578547
135386
677276
869914
818815
922348
170345
79615
651774
299241
489187
664589
754675
556484
590778
828115
436225
339598
532476
539463
359954
944358
26259
149516
120234
666996
168130
952048
632693
248550
491135
305170
804331
925623
261471
370638
147901
200604
220844
462338
604513
798845
739123
324777
749437
712215
200736
912906
841974
198815
816122
819170
730468
47826
76
391715
633648
411857
886824
437040
742580
356304
783155
549357
775587
861593
886964
557687
441717
152253
441987
500035
372982
702660
249307
804444
644449
443597
497264
97264
541169
130891
756407
297816
278005
285902
599772
168446
407191
411265
143596
276210
238068
860784
302614
699373
360540
779847
531216
777059
353656
581437
500068
612345
62472
69777
268552
489382
242527
141999
873967
98503
215589
143780
532460
360033
874162
275249
697524
713348
319453
7228
282414
168182
359785
699534
99899
91468
921043
58904
967511
546266
164797
349589
626098
42040
558232
754507
512174
722642
131495
845806
79341
550918
862577
25974
686358
842909
797545
413601
768761
114089
822737
239502
143905
707678
879553
567819
948293
781874
453435
68355
647985
604772
675227
274920
638139
221458
792214
734015
36578
819209
14355
206819
961635
452471
2767
681896
12434
569302
923907
289809
923172
144955
871441
492574
955915
633990
220678
595999
383032
116053
397153
780837
520267
613477
247557
159280
939798
540564
802331
555208
62810
211824
993884
369478
907434
824271
106647
525185
306366
50843
750955
581071
504521
95084
238759
161054
228466
680004
201249
701348
551050
863517
835364
241337
232925
956612
783985
554846
963960
317511
316400
78315
37367
909369
859390
246820
492168
424962
216312
247439
30788
19779
684829
967723
601390
863242
65419
653123
336729
521727
513335
394483
420628
236101
732953
951543
101277
938508
609962
155236
675546
437696
451264
939170
782181
795315
192031
247340
305336
295132
312642
643446
141477
928061
722955
174300
471387
5709
557256
303951
65043
126075
681919
300013
785250
344967
419074
275543
296443
348767
643912
338086
774815
371213
411660
852664
881850
805158
351987
328467
236543
998203
413252
340355
970566
286247
869317
451811
350903
913188
457795
95500
740811
208990
273880
315738
798331
414254
327734
491110
1249
557448
719946
560546
274360
774482
126557
261922
711275
475867
899892
507472
398373
741168
671375
816803
743668
988016
409475
336480
130375
997564
233861
773776
984143
704484
562613
684967
68691
449296
430059
443662
159665
437516
226523
772207
597122
926401
304042
405982
93779
453649
805406
2252
889673
26132
778059
112502
841214
984747
128576
265281
588970
626560
202515
550298
424435
621200
535178
825985
309615
568864
774242
450413
17940
421770
923095
988309
21300
755169
660428
723118
588519
159550
841940
538005
656805
504958
509314
227503
199601
579165
856931
630156
213594
386341
912714
257808
547769
981205
951780
88394
647793
250180
979624
805215
955599
932312
450073
497381
963321
429916
192998
17088
538448
742199
507107
736066
350218
249514
98422
606476
753480
442173
992289
567913
342225
803611
78862
948315
693885
972936
801439
198802
656104
289373
539957
285260
469686
997863
751496
57252
669475
907165
810339
537396
133058
146197
672926
550757
984131
991214
745743
462560
468910
609157
852937
616901
964086
902307
276370
528073
153993
297950
94671
317224
804557
472945
79333
800228
541921
612541
737091
528572
453270
487983
849168
696750
206559
442632
148603
860104
797727
776319
363372
205270
586592
906809
97690
277712
291070
66424
380982
187531
963186
544884
983600
728493
319804
28404
501230
164160
958025
457698
877677
137394
806980
198518
658065
173922
543952
913682
945042
501273
378154
899269
804568
342919
295007
972775
622350
5876
246257
223292
428186
741792
149567
732286
811111
119221
634101
121439
672108
652752
527836
316191
881413
271907
92211
656345
427460
155271
283540
794776
312954
750480
486638
413467
153831
242010
354585
399587
183315
129411
303364
125499
921598
212035
493703
546732
110251
853038
772246
600384
618685
140850
745376
233125
918461
701327
210065
521839
708020
423618
780045
570393
190060
11345
142151
474608
907239
95431
690008
346957
408476
835317
515548
941013
465455
497685
663547
79395
21431
163965
708154
702865
895561
358824
78527
757414
26651
411445
62171
222805
594022
775100
22454
861062
507553
53078
232122
803005
874258
689210
761444
864029
371935
272459
275607
402017
426813
184585
947907
370917
3410
5094
119149
57991
274214
296938
361591
646770
736394
323449
219443
133388
169627
910144
596563
835720
298082
756041
680865
534522
936374
701691
627099
985599
80700
502605
457670
273538
107648
761251
527104
419174
214961
731991
819642
374892
371443
422881
434326
505321
601556
704490
243902
226990
440021
879110
143730
887420
275540
977632
725376
5448
227560
529297
391763
915876
700410
172182
492349
372886
423450
96811
406927
364535
711838
711243
861622
202329
320415
403477
86312
663944
823173
139735
347351
885849
673270
363112
585281
777754
540133
797824
410495
774201
956126
609840
16067
668746
561591
558531
716613
653039
500890
160712
706394
487844
866985
840379
255116
952299
156793
792904
629877
364650
256220
649221
949748
450542
141315
364410
770029
1286
602530
187981
703470
95137
522099
692516
947743
580312
255114
550204
311716
877266
867742
55220
772646
210380
587299
277948
60661
355112
576898
196843
736371
358787
897721
51873
824409
5241
532301
864749
199959
852833
324175
578145
683110
835756
171437
615924
351664
457107
602537
834250
405657
585674
954516
585564
547306
73416
408176
358939
460007
955025
906320
541820
583686
401835
449543
783013
732443
473159
606010
621344
895100
543954
937711
538958
169132
384328
870445
305943
597106
975388
985939
614961
671059
587974
111271
198349
394591
271922
419876
983516
335276
846465
495878
533979
141685
440607
905477
618199
96779
921268
176044
416147
859192
894959
275647
81958
602351
246116
413932
226615
612654
468887
470712
649078
768183
812346
943052
972437
637707
975807
190428
461671
213673
537155
985656
844849
832899
527120
284953
838172
277876
123070
584054
709997
785449
68286
13957
151473
174854
965813
895326
793144
715303
520573
473850
189955
393632
374148
466202
321886
166398
61664
211191
801011
761
598746
867281
990691
215927
736418
940293
535824
245947
959530
45077
626651
428843
211088
441063
90443
443333
684222
971513
666423
464412
495562
800654
398113
417513
729087
265027
918936
922982
196051
126192
895755
728476
126794
904561
13295
596082
611583
338685
42763
223012
607354
779118
154129
889046
318304
564774
860734
26493
626000
827386
870592
923344
453275
483470
266153
971700
504374
969824
946046
665247
269568
23472
273429
495702
110515
896845
200391
24166
644398
123485
806698
230182
795910
445342
601118
668364
721492
765611
387163
42113
926798
483634
537783
964175
865736
617091
169747
992402
145847
475601
205208
623664
872214
246237
278456
802413
83896
656267
718443
909272
922416
209682
374071
514443
17066
444558
655572
397463
409861
911503
371920
555188
71807
233345
609558
882747
955665
871808
143667
139804
474487
266013
865223
122276
585581
115180
16986
875515
17574
816179
22022
281055
354965
679104
427038
943637
100815
631201
820716
849933
772476
915852
377104
389009
557697
326350
593411
675527
263185
980553
598444
447272
287060
577676
320108
201803
313739
6270
873299
511181
627414
171404
608566
358837
322378
689910
406940
634624
624479
776025
335589
138347
296354
879084
700930
430464
281353
939542
305576
133271
251683
970608
728323
394245
392048
264223
468017
906370
175710
272564
13883
874976
53815
565953
437974
51616
170670
99169
338999
302546
984038
158623
197128
216719
588589
855753
114283
802005
457702
130811
343821
686155
935621
882221
222368
886795
348478
136294
854006
997773
61323
810756
423055
257572
180734
101426
824525
433437
152893
872890
674040
323300
436988
412920
743698
962623
567935
31158
757885
468817
741440
643295
164840
668367
569070
318049
184975
373909
452999
571286
367118
210011
935578
277208
48733
639672
978292
821791
857382
903988
349977
712296
904057
619367
262013
609057
146554
363811
773784
748439
281301
828276
36914
372279
316257
660272
830683
572428
967625
861094
317263
509638
103073
632781
674176
536164
994659
838314
657574
851109
132572
250580
972094
727460
233176
854857
714952
816829
953914
352991
837231
261495
925271
599756
887215
135116
609473
211641
436262
630900
6360
59067
304952
150220
430207
265325
945848
446140
725329
720057
580744
935771
730353
907545
392583
753596
645725
545332
655169
897600
239168
612192
226784
863893
937047
263068
44903
320445
454300
365645
767857
258439
700053
182483
106078
710527
161759
544057
811895
307634
491973
647280
72297
314682
449724
441538
26192
450963
797711
750820
886237
797140
232017
280125
535360
801450
790840
102308
264336
532929
964569
985453
147382
69998
515281
475077
756667
545902
975966
699154
496864
618395
490637
43958
158948
234464
598190
337643
232006
302581
251191
294489
234433
462642
52086
719775
218535
308583
460604
882214
835957
363717
992640
160468
855882
706650
626897
615048
684105
327516
977174
208742
355124
203375
27148
737360
982096
874759
592076
423266
734528
144710
775655
959765
728799
834601
400871
348979
620227
54139
625324
186383
842594
220664
868077
662595
211960
74609
85353
514059
76938
805361
360199
600234
281966
836807
298926
788865
700555
817244
381584
867746
634582
888278
44259
304282
824878
315685
889551
582055
295386
765672
19707
26617
394764
569474
212205
164610
913720
763296
135681
622040
665725
13603
641477
305032
857573
181447
838625
832600
69734
514312
618532
712526
326207
538039
798453
825268
252254
402767
734207
425913
894868
558065
135249
448309
440202
500042
786311
347403
164846
116704
21685
8812
503558
911963
657855
611293
621249
377752
803555
426793
958310
81805
692604
295377
881980
131286
540784
197093
721124
234277
246683
967092
555977
835575
785309
912926
104900
610975
234512
953718
398713
234631
589757
508007
512140
439196
646858
194646
877669
788783
156264
887863
120672
646522
243161
391496
800181
527175
642686
944370
698920
209923
620590
37235
988436
276697
239639
316049
183567
852539
953550
121639
750362
126817
864462
662060
849404
874973
350556
590361
520724
619651
805384
814884
533262
654036
726700
346848
913173
926980
806522
371903
244579
953629
616201
152098
821276
59977
440889
999484
541025
268491
224426
953962
216666
380263
539
665508
364532
436860
858533
743134
505612
440408
997379
954512
923957
97350
536726
149738
355043
589863
401848
948604
564417
618570
173854
413916
915130
530214
999478
149863
388690
916504
308580
253008
77891
172634
529409
567231
883541
134650
686950
99268
964109
930847
254199
955391
268148
449888
520953
947000
162451
990349
114654
159669
650952
599999
466251
663791
178816
73542
258196
653119
196236
761258
972652
682172
167613
997028
616356
567475
912733
636647
545807
168086
608710
131643
32591
569683
551772
559826
87651
304209
956128
311141
622512
75159
440699
684548
120313
255853
565327
182693
762752
170558
862230
629380
290206
618898
657590
126972
375608
588869
319365
4811
190411
962206
136741
78534
157530
256374
668272
564912
56720
464325
377635
115248
752680
279306
798429
922227
284107
495648
703630
358730
11154
992240
813350
780350
261713
552646
506697
878034
55610
866087
118826
827284
560916
134787
718791
937213
718633
752291
225843
10189
850148
802970
89790
475662
985790
758354
294248
879919
45328
812702
644424
853026
261698
899712
415160
968457
469484
660288
730492
713792
441199
593982
743173
976874
514851
318964
127673
944426
195752
287161
179470
150540
640813
921805
991611
182057
899074
357843
219151
377434
270191
109244
193573
749240
61627
463082
313928
910725
574166
681261
796350
320094
235502
765747
285338
736232
625573
74674
66669
856385
408828
391394
137706
669874
516651
574221
805476
697165
363992
511265
489056
564464
402473
224111
328920
636941
771134
497856
136270
845781
520122
940028
963545
444996
437680
360614
534416
979150
213386
602966
590142
2315
564254
798633
493412
756089
998340
78700
877005
658687
827182
995861
541885
568724
573286
673444
166600
840581
387927
252962
573199
304497
861866
25330
287952
580559
885726
988272
969243
710106
932013
474573
927095
903424
605693
439916
203435
523048
602088
206359
883181
44328
951037
488632
981357
18503
189056
287923
609565
974270
136246
696244
429829
285060
448797
338040
501728
445740
427043
472161
376333
549860
113881
262706
558728
672339
222696
424664
837247
696808
545196
866776
329263
824437
921102
782290
284228
851277
548911
684677
901357
148562
778647
616638
569848
244657
717261
74441
840859
371029
300599
235592
809111
939889
456028
698286
176367
817424
312907
109281
566284
788004
234705
939930
62959
114494
682334
284577
313106
806201
448669
309195
133091
381088
329297
4323
518833
915566
622968
679393
961006
975201
839531
979178
127781
43887
83518
903747
565591
451123
87891
976764
156500
247400
678519
644868
800470
203512
378069
639976
499365
802003
14862
467712
964550
457104
167989
262085
77739
949339
916885
749107
398817
566499
350638
906346
58604
37204
567274
489760
581861
895069
169432
123506
203490
495942
986920
999367
864590
305090
302790
333018
476715
212344
422601
291520
432158
16455
839589
589018
210380
73385
684694
872050
815136
236750
375646
520929
940897
212085
269055
681748
27062
516322
204722
119506
235589
625799
248279
339105
883491
487830
202780
608575
92426
722076
36323
413191
181333
157683
670596
477541
361116
486760
55509
105703
465523
194237
47069
790872
857183
454897
778812
539385
131499
788762
575216
859274
597142
699305
387479
164527
404444
475473
520669
98836
551296
168968
549448
227218
619342
543560
393536
215109
985554
326391
603210
862833
571802
219111
198302
958459
547035
258606
992186
261137
594508
69300
497146
288019
288146
602379
587977
925262
729073
124022
850854
666835
175875
656105
298092
629275
103562
813916
991233
110514
255921
844778
940328
103817
954138
500742
867071
259451
596924
579201
86922
663513
880848
488721
609326
575500
290580
186705
429746
972237
982266
15476
761216
777100
621676
22707
944085
227389
716545
766483
621849
161325
951413
86113
977596
752631
974437
622234
444106
949801
403171
10890
182608
469211
819386
832649
595809
570790
548411
252474
973038
232811
968217
229868
376527
57614
218000
597997
986467
100674
53261
200336
776103
386389
496439
35912
426630
234522
159662
629886
699849
471672
392729
554309
44470
20816
535884
279579
153112
408208
301198
156477
468765
966025
103583
483890
157513
660899
62014
54111
882868
115704
64724
599435
195237
668250
139026
837998
814763
253212
264755
899109
996762
884135
296927
775319
639908
139685
973097
404861
784925
448488
778159
855248
174113
26660
777639
815847
12128
471322
396798
820639
308992
472370
292433
145180
429916
615669
509255
818075
40142
580092
325955
807990
439440
501199
764604
71409
732917
151627
494513
650041
323336
478382
406860
695950
13723
327496
829541
586474
258403
13680
349107
791668
363710
584060
680215
150852
742710
603380
605419
137382
58899
407597
300231
528540
6472
488892
952737
338645
190566
796114
194900
862114
200577
50706
387562
244193
249554
344077
392758
786413
168910
912456
302322
116717
527823
524801
928246
208565
14998
422110
627627
352998
658405
857338
314775
71454
778979
357525
403820
462468
495948
588178
694608
580109
882338
361814
413358
83736
733496
124866
53120
822603
543180
403265
575055
207308
195717
10962
365058
398350
307999
657598
633185
792220
127798
580907
931702
340429
582844
36787
465482
673200
608478
633246
64167
739233
392528
684838
691917
240380
722150
253919
845700
125470
210436
874
959319
674367
999583
199765
908784
871422
434401
194352
533217
684019
257940
760184
571443
345861
830363
967536
225569
349415
373787
557940
328682
209581
499036
258113
555691
242738
474395
934947
530597
877830
948387
315798
965219
652735
849780
139409
676771
185941
300833
26016
87579
690572
933280
598546
761220
102696
276036
659354
545106
577979
175687
655673
364069
859537
166720
873044
533421
262602
324812
921053
798703
741082
850201
479059
356517
403664
900052
688953
305463
573149
355559
808708
675606
30393
367649
718983
264356
822889
147911
429263
847957
162462
135449
752740
393111
418208
944837
735536
86976
42240
614098
181016
360923
28491
910673
187321
324179
981153
835608
915627
57374
312591
400217
107389
335443
298850
225543
243055
117135
779942
202939
730940
952903
517109
668704
980373
541088
76219
799216
179222
773240
434319
87420
404880
250784
397675
204711
110862
96217
864868
756560
678989
450592
778845
534258
438472
981467
58828
166062
589918
813902
42279
41061
759402
89977
710806
296251
256353
358520
354336
432686
772136
858488
305300
488279
254271
328514
507507
667452
604899
456580
917679
485561
576971
918706
143955
371048
962124
553395
796595
329786
692784
403069
820227
513911
618349
470963
494636
877749
776560
680693
31082
395777
815561
216625
327270
577040
193726
319846
45370
591055
853756
520554
675403
877121
717493
788192
921679
367668
747225
773213
460918
188142
409257
820852
185368
896771
472006
186860
603355
603847
830461
941817
541320
900335
170558
386965
144318
399499
852208
360944
293972
645499
665713
708055
262581
407099
667819
211766
986655
166941
491956
814649
831258
519137
503120
57857
338567
279701
311960
201984
766821
160661
926034
194746
29064
672498
976207
545558
416622
556294
34253
723027
703856
608982
276533
618809
200557
889082
495195
617897
701985
419969
876132
842926
621024
140122
836372
730366
59130
115815
192555
557509
566105
812733
458728
936194
413733
422889
591077
374370
620928
304730
937552
496432
743245
213939
614760
498355
434669
274362
752130
833663
318212
994944
58211
477612
102946
389259
854931
950410
951216
321984
893924
347312
108664
648368
296201
464019
882164
203128
5110
8223
287152
347698
440628
14267
354476
324851
67538
620839
123830
828269
4883
923489
587751
918125
715297
364881
921823
950580
606344
317876
427012
27643
214759
918515
763392
687028
73650
917891
893314
662364
745833
86925
870082
498894
194548
922912
153353
216355
999438
529690
268515
463228
38471
697027
17338
728980
248780
260540
111487
163614
980803
225827
173436
659369
968643
339203
141637
95743
278009
917508
538944
250174
658554
377134
699628
977379
161105
499626
810568
903946
693951
978018
361959
19847
131619
680731
243778
470298
284841
900648
934547
245446
399958
644304
728984
255755
936051
135842
30988
306185
437121
589513
80335
253568
409050
634223
342003
564150
330259
699566
644721
514844
363077
244450
189898
334332
233299
635359
413406
379285
807538
935452
313735
950284
493228
817014
255841
191206
18131
681637
789032
551439
628994
304366
437767
420169
604356
360090
376922
354037
710776
599727
243833
364408
30778
191327
130753
636860
655862
721552
79795
953988
422912
394143
114246
238414
92841
364637
941974
505746
765054
80338
463089
191291
785806
465204
59612
629129
472482
466214
936158
266628
319605
275935
836753
983427
561314
7535
125453
161462
255883
431360
514448
987866
159256
655978
702890
620680
526619
251310
219831
809530
168288
757856
100437
682696
110989
626867
460787
700847
333379
24837
323709
944374
285562
494225
514870
140007
151783
16430
918156
168886
241673
229046
608336
991387
499804
340406
442397
243775
699937
755454
54825
394931
458450
333732
760350
509843
228102
402647
765966
468331
299133
792333
407606
373399
741510
734837
953031
279651
708259
625749
111453
838146
98648
229151
603285
973060
319431
941464
530311
216523
922796
410244
193274
889146
308085
443303
795310
571019
165968
554837
274232
433268
167673
675225
73111
29677
923977
373201
211022
867466
447474
259682
76749
442977
705798
722232
212007
945224
578857
983963
184957
955388
850975
457745
301111
102569
586017
796988
660543
21711
391551
591168
524875
698260
447386
134864
959549
464869
572813
240227
544470
69168
206056
12764
723643
880150
810493
328511
936509
337355
55981
998376
649808
920763
161897
773898
215515
388788
743480
441610
691052
990803
403771
788824
112741
741156
278792
985045
450980
652230
389203
53745
794768
759183
276996
854921
307037
1122
259715
812246
772157
399683
40423
872398
2461
634116
157371
498445
56904
92077
388785
813672
342020
875870
34860
724639
995280
199209
1420
535140
647999
762858
778918
544232
322916
494266
285848
49163
875636
50256
380390
855717
794029
248054
38961
157589
499493
247088
779285
955215
271855
268091
287183
251112
661554
118957
657983
808515
644552
681405
77555
306084
174572
337510
944996
482973
276962
173667
226287
356899
151549
495741
951183
466891
107998
42182
269433
509288
885532
227996
881839
847400
574404
779549
342857
498941
35069
954298
930795
952164
800640
910782
639390
168811
206399
816115
158305
483820
148866
15785
591259
49097
623183
235020
57131
527528
675382
426740
870195
771153
22069
498272
963038
856903
157561
590027
290682
760832
910099
71118
190237
699499
326949
312226
293828
267197
142108
634051
290378
627687
401735
724395
396923
236119
792109
727340
386199
754988
239476
300978
434099
46001
365717
310146
39183
88056
483735
410889
914468
170638
135553
325828
697113
427758
36695
695959
887903
867657
895100
567807
172549
77134
934990
853710
618065
774777
614320
295774
219286
714275
847765
83208
121764
640237
564229
624863
93417
768690
971307
335237
145609
315816
110058
675887
751868
872122
982759
233682
813117
279719
1912
645911
603788
411202
243034
127456
278378
28386
684805
617768
958922
996804
579016
789817
64745
395316
216536
636707
605579
865651
207801
562092
514818
586914
993908
844168
736017
154566
573304
234873
380848
712911
731872
980356
746785
302504
472937
367898
122083
93140
637237
896061
500843
447911
18561
519904
761062
7186
960341
760761
795637
111768
695387
458880
636446
725579
809807
808945
185853
630048
856594
749494
52123
793095
541804
137764
435501
496509
632668
975929
521068
249734
895128
83265
179079
128206
285117
786650
616116
844032
637501
516924
765966
943295
669037
367554
673913
61436
248176
788026
573324
593005
227953
566009
145464
447833
526196
174147
325838
976429
196651
979873
952651
27076
668160
788339
670922
400043
3426
695262
992325
309347
482043
540594
25853
61004
369323
447464
640837
240214
555252
852546
353402
478325
862061
785813
729939
605488
152085
140527
251961
746805
78901
643881
261744
635982
18547
579193
544402
226857
980309
981346
710530
726284
121025
385791
364421
818918
291212
97127
769648
482459
179481
797186
201202
308595
230926
709263
898178
672750
537545
800294
377742
211655
50434
695481
189449
385615
259989
930649
720103
82918
656716
14991
310655
351465
365309
131196
624521
127583
637222
31493
119210
215548
34845
20786
947749
827831
145935
775262
676009
132286
59306
837408
379584
466321
91860
558151
745932
223581
975893
156625
722687
119457
602721
595354
179394
906703
639389
651958
210713
690340
410535
626188
152733
311886
36085
728530
281802
749649
451805
387997
459494
291976
195195
355951
423881
368915
640992
55632
465837
271149
734040
198252
307904
368569
97501
613969
775164
660626
682252
850691
188513
333108
848499
63137
47029
415196
757706
569339
785231
970386
207939
846801
896962
158426
142497
589358
953952
686138
761965
176310
377682
419632
557853
979567
942677
418445
621446
462638
509174
331180
804116
670413
357192
544320
985951
102014
235291
545320
734251
200604
985044
204153
860071
438105
245793
543963
771486
499237
376905
590949
841370
426781
367276
128573
492861
779194
654568
25662
583885
305229
506079
109944
734645
680919
966619
897914
524760
535990
616323
115869
783618
554969
869129
163856
202221
137470
368710
634082
643684
682860
52641
323671
662664
418499
477163
832919
891168
778611
446781
258250
798359
666456
351999
597312
655799
867717
45807
105741
789712
475598
142868
886316
11918
658468
177395
40135
60625
452923
224770
471576
484404
68641
207932
982172
144202
624240
397979
924932
384379
544027
678366
965359
783650
139030
115161
282601
941709
323867
568430
242303
25054
687169
269582
883592
172188
826275
988834
243052
82927
216813
113541
767317
3997
71828
485671
181359
131118
296426
391951
988700
51394
478376
917343
385158
399603
832324
324044
594694
295109
969879
121405
27257
139520
609553
975021
764719
28800
895085
69545
523793
62002
340092
662172
86783
397569
833300
515781
419032
165804
812281
44122
13130
725097
869833
268047
344561
733061
87141
254124
247683
613261
492261
503614
133625
534120
326112
98773
583750
379943
935152
529221
544011
659403
428958
720237
936908
157389
437297
38537
313391
662112
657255
904510
530106
452953
939950
333269
873335
399632
147258
990060
154243
889554
946625
758619
332665
897693
720021
316531
464101
906946
687314
939586
639782
587388
755820
354224
926169
339936
443698
382399
170689
979946
519806
616862
645179
19628
857081
682791
627143
795165
719335
609651
860075
899767
379613
911590
890924
125689
280060
979110
600293
478182
365524
973829
26622
258007
450860
403424
507939
765720
228402
1479
815623
844331
811267
269659
425143
941685
60723
449293
922589
41132
687020
746763
58916
788553
842775
131715
238839
755971
760814
127682
839938
524797
343109
27494
515566
440511
969855
631513
355277
27957
341014
142901
886824
246365
404965
573310
812359
543659
896023
190646
664284
155691
706244
457942
247801
339140
960601
324483
947704
146680
560043
716824
165400
718645
969717
418051
730631
779956
289844
994314
68328
366953
813775
849250
850349
160278
898011
978833
387937
981629
758641
664596
582329
213365
65379
541860
463526
438376
880160
975945
615033
900246
57465
639461
25881
602376
771196
41083
20245
382783
164982
680505
493689
692718
584353
918913
241885
850681
281166
469877
969856
596276
450451
27893
228839
14491
340848
429498
56267
690034
380538
680300
24852
554165
688190
778279
369344
175966
11659
842740
478054
327203
197617
473692
103936
30164
304326
138743
847553
862427
23369
463712
312443
413143
730688
63042
732060
85544
878489
420888
193360
128649
375447
913290
547023
301948
843559
4705
796399
745114
699551
959542
140551
147916
355640
52787
659241
484840
794353
190388
367858
256642
806256
612797
580192
127346
173833
830394
753798
722144
639000
988398
919883
389675
389503
154920
951355
245005
681695
392185
610522
995225
31877
559360
416661
92119
848277
809238
235774
597259
197853
129454
147939
387535
83634
427871
146609
689361
510853
841836
259847
809259
685483
912960
787489
271818
761382
136526
177989
883313
726866
207418
546462
66367
266067
968080
454499
67509
996599
581674
321481
133391
937618
66541
750956
366392
967589
969680
746185
500486
803800
149613
351549
216073
349656
584330
840459
174877
134881
398268
399273
515046
692340
623581
326347
241864
791392
335058
819113
911501
656747
573057
115290
266611
365650
692568
728237
921826
353980
38345
247723
972065
982245
451466
991587
204166
692774
817794
395251
991576
408592
972891
617481
361752
354484
900000
602158
843602
330063
173700
449436
238062
905253
69039
577441
333868
800717
187098
331820
151975
236750
7175
673187
453825
931729
469437
26902
133706
444551
257873
435844
395713
383109
183568
343529
570739
680482
663688
181630
288696
165001
283961
840394
725659
2382
748597
842861
414564
80664
172801
134262
875049
669152
325437
993937
765878
843646
954218
527172
458744
109852
106011
829887
515538
140947
949490
661590
758636
511131
963120
627767
890614
233902
521904
242748
674480
124884
531203
770616
342034
408871
656390
933705
243724
688315
716160
988541
628429
798217
180655
734226
308415
437266
645395
606237
512889
510008
608210
611475
702565
952736
960465
738124
654924
256285
392321
753688
351481
211394
188791
900840
23401
356240
483024
167856
262578
617293
950715
460557
957435
690724
234453
257250
843419
92759
363971
518659
628067
24538
627562
855788
104143
876732
445913
362955
36103
930405
287792
581532
811287
599997
868835
165526
433610
383261
743948
579013
503578
721555
101929
642393
249851
207872
613664
83586
41987
932876
474667
967270
169363
192773
43626
321938
71255
445637
796553
274671
254224
270822
745622
395927
54259
393929
622462
633257
639408
461919
627830
449099
397741
576846
479595
815450
751137
344210
632868
486189
188809
735666
263946
970606
525465
514841
172631
320083
660467
90457
735458
170470
586210
928420
603567
91682
709317
465126
453122
956793
698108
537899
348821
364992
914167
900501
255389
29233
939084
266222
846827
941171
820111
729902
729673
50255
783070
491022
944081
922434
454861
764483
606448
591872
478362
946397
519927
663934
460309
159274
18104
202670
141232
557510
485868
987363
427943
156683
692509
992265
945237
498133
790178
801029
121674
892426
340076
67657
672290
348573
9697
630774
256496
995849
973614
988793
747571
309521
14239
550060
799067
536799
514969
813835
807977
970068
550379
981106
914233
878588
909642
898360
172399
620241
257916
447563
988026
462161
932185
985717
719492
57516
36128
839198
83059
395674
42267
40773
558404
725612
705106
414864
88489
854823
192263
485429
777866
254318
813354
371196
857131
530819
631318
511948
982089
447347
740365
897647
884174
948090
603085
134940
800783
132186
631837
989365
45940
502427
519959
614757
2266
695386
402410
596050
242395
983429
553508
319301
658361
119983
436038
448748
988450
372182
263685
167784
29215
39482
313259
172369
883184
477786
294791
520863
997985
423313
535628
390195
864112
809903
508525
607394
372642
950938
719224
491191
758907
50603
219182
794321
239098
975748
895314
648055
723983
625597
18668
930115
281247
881860
938766
173568
575820
546679
355643
824292
685707
639696
660611
618664
745438
103016
135528
553045
914943
847831
160974
252411
850316
176748
124647
303266
229954
924940
204529
750837
545337
836922
27247
911947
207642
263150
161061
842172
312646
806229
113168
523006
732302
846133
981086
897875
968798
470309
960714
338126
333520
223623
497018
862233
481545
889390
69991
875541
813194
738078
239406
845613
285969
176970
342817
641453
619747
888815
145964
763762
73793
858541
659626
136575
466144
384643
551840
125070
355914
802783
870039
310445
350233
54119
596414
296570
955683
25015
894148
517721
864998
772620
358108
893210
422305
856575
431519
815349
825143
974931
884199
950316
717512
736459
114659
771568
259204
60611
929663
473725
858256
909139
238219
975842
206386
703572
54686
931535
270688
297839
981209
274583
59370
557743
731540
808522
725385
333174
260789
532346
522603
970655
106186
803966
903712
150042
638195
951074
515218
973433
979450
265749
693269
759758
72525
203470
173240
728397
889153
804750
257437
190647
902962
537520
59356
223559
496046
228442
86236
554256
916590
54646
191051
414830
86981
247697
630526
629042
933455
467599
522400
495989
155548
748425
282255
812735
758381
86742
687503
815507
326794
621485
266827
369062
907396
578244
702697
713829
411055
793996
232527
4675
333339
429074
549941
4759
294001
174298
109109
104897
362708
360164
286678
766571
927369
712403
10444
166861
614314
385756
388415
784589
469568
668974
623993
802900
227538
347669
744870
893955
702793
451853
237658
811758
325446
833953
996601
896205
709281
141923
541563
944405
81900
36728
707121
671285
433208
164419
901135
569812
474658
26394
803602
648621
133471
822353
110869
711144
485220
522964
821500
457271
762045
789459
985168
438286
337405
151374
911810
81731
432075
471057
898878
878251
736517
331930
929794
168252
908038
869166
233907
42127
523416
898236
542146
699192
806092
180308
255484
523089
527333
162373
24880
235835
913855
255368
941519
219202
458352
441001
83932
47779
889638
686365
156688
431181
615818
106249
540331
934611
911040
805308
686572
573510
21097
651578
708617
335658
785106
335637
820758
693940
970872
769261
840686
335918
27141
951532
806595
887268
30104
946537
132734
881821
297992
523177
663659
309580
603727
347746
786508
261542
622682
155450
351185
749735
694364
471033
209892
208970
189849
364530
5992
231948
175641
187612
740666
116334
343372
673155
131818
213339
908403
518316
177998
203779
398190
621329
843048
558778
290843
366703
561169
666060
207781
395195
730591
215200
35555
675846
194086
71865
141854
673101
293653
874991
268143
339333
485424
250031
868086
732978
201087
881024
416883
161923
788414
752169
806594
430165
572238
857125
800624
914321
911411
578547
424999
274181
883647
657566
590473
454238
626839
556139
476261
936659
630646
203053
788643
775867
932230
898269
736625
61736
975284
279723
845103
598750
719187
493609
229268
80782
100098
863253
775043
629276
645878
89445
250651
822029
85073
963691
187439
338132
775180
364727
329297
469103
976628
56846
567296
908019
765850
252577
277724
882645
651818
953840
172980
7128
936414
899560
97889
456883
40129
85201
296239
295215
535996
702185
950286
965962
330229
259267
428801
394205
20847
743863
756670
251818
955494
645942
82264
455014
797850
521476
98851
963605
323453
894097
922397
948183
395526
727839
83544
730181
465046
265858
198410
687017
174568
497863
129568
596592
252359
377902
34399
988672
897860
442184
391744
184739
979464
562891
831249
570619
998236
354999
332117
621571
933237
12873
126317
292849
67164
163446
574992
270862
867929
139745
886437
889631
452220
593355
160077
229396
28568
162690
199317
283952
592049
396825
197370
570000
896265
35243
788144
632802
435936
3488
112860
781301
765110
487500
958668
317732
597994
572899
529191
39716
818504
102252
362417
841373
233083
490645
267730
492717
560404
682234
693172
495179
206587
919550
529549
911259
507674
644855
67717
669370
445553
840897
659757
922046
987579
968209
936824
511837
488759
759813
77612
894726
641066
20012
722727
131480
462886
274353
221
780906
375745
85174
419439
965799
931228
813904
278202
167970
492448
363472
145836
549856
959929
25451
466741
325481
472148
835329
10854
825350
235859
990944
220358
597578
852760
173978
339261
46239
585999
798455
410624
392271
280045
320277
639798
984169
997093
960606
383109
731442
573128
31108
878073
600397
800090
11900
62028
303209
435473
214836
133271
482814
50358
718550
381523
269014
155481
426563
626206
448731
585612
940892
533344
311719
469506
172782
520171
808816
186445
47797
528411
624180
133936
417837
510071
892308
695564
77949
266427
722040
784263
967625
177
945680
635569
104481
305791
377208
66335
296394
337424
539899
869009
850256
525651
750542
102323
484363
429619
380805
860015
138313
443998
135905
952483
974066
753723
745922
696916
613399
810359
101889
32181
231680
62544
715363
641428
32374
784335
154521
606964
807938
647487
789353
535778
392523
968636
535525
626734
673800
693666
563701
999832
757462
764485
906749
646033
962896
331452
628667
387070
494354
317283
72291
338382
775378
950633
671650
257198
301906
879605
127093
797171
493090
390347
232863
269841
473857
133579
646711
129696
756646
970012
599234
391508
275779
849379
267741
416781
875312
458173
466057
332359
25599
477124
464159
4529
77867
39942
491258
59310
905730
205637
964491
286635
444271
487579
616373
444312
242013
402337
548500
298518
172194
98976
509449
571961
879745
457068
558667
877692
948688
186041
78143
991098
45594
946482
641586
134884
750735
227915
746718
526028
12992
843694
373870
282671
174537
680398
350019
864623
626184
816440
300576
570723
555857
402676
847550
542361
341557
342533
126516
20800
384800
496343
571618
956584
713898
218417
690381
701377
109090
673160
167176
821382
409159
927073
666127
662121
637190
619675
124166
778821
644676
695771
120531
70486
15720
988010
586409
85645
135894
742092
857999
162957
975605
583737
382974
503342
287356
580265
917177
485423
300078
237501
527636
266114
22030
844871
203519
661164
299453
666896
254860
365471
704394
537691
615841
631514
671518
776000
988467
314937
111444
891328
613579
486258
854090
345760
303047
474907
336881
28640
198846
646479
793126
703063
172501
640044
616296
606677
173647
910870
589283
845944
685468
854032
269284
930416
674362
671982
450313
735071
25260
413163
485318
68767
511508
422393
179141
420715
502325
867164
316834
244776
635065
727264
770392
455165
977517
489268
885083
864786
121239
232927
982982
858876
532225
677636
250033
214090
949010
518621
125701
322468
578184
961849
853088
60820
479098
619075
14963
367975
14408
31846
797361
582971
677634
537981
353498
757581
78439
611525
357661
429288
336849
869611
188256
687998
278507
809880
656617
727986
571585
736255
572678
303177
697538
824566
320121
669208
607996
158159
543415
971395
552902
771774
159301
912592
574411
346462
961338
648671
239498
332616
651044
508365
364637
646317
461761
724156
329487
545890
61735
6120
480417
494719
722679
31173
517103
236137
290990
18380
889105
947163
703194
107420
986973
597442
106887
17254
824110
550005
12488
971738
832669
622211
709146
891095
737906
163337
905105
688987
967722
291561
634304
549960
698234
282553
950920
355602
481648
410394
808106
656871
957787
219964
231640
209888
275681
503613
963780
440327
883173
243227
759895
844102
887909
550231
232806
496632
851767
533786
384796
326564
749819
142866
18935
28964
973439
110762
50378
405757
803811
700021
8105
199336
918283
589644
713135
391954
890238
679583
763785
486494
620793
917981
920347
237769
226184
695890
990904
790572
635631
819826
509530
385666
923562
486623
475136
267829
516262
930911
756567
893182
593648
584461
257834
802757
735160
494488
234387
701701
108769
345409
803897
763520
862312
398565
277097
355599
123516
518506
517674
810295
172442
998947
894624
799233
874431
567318
748253
705299
384270
856700
374910
41853
770687
187972
74679
180663
770684
422945
452105
990390
692363
468670
825102
395819
163447
342632
560068
850617
384254
325724
846174
616864
196595
993432
837616
841547
685245
677403
234026
968263
703403
469408
459923
548671
927770
185942
445866
207513
187889
768961
506512
752471
666660
978210
214113
531651
98611
841331
654925
519486
435911
593093
596543
686196
273107
201858
869060
281493
453962
924680
960339
770616
142749
253453
305172
127104
53374
573866
226838
376117
97096
178341
966702
775491
290453
491454
929403
774398
342255
687230
210719
514093
317147
946061
763145
388394
680278
601737
97695
249605
686527
964876
896658
504134
741161
850965
971527
526502
837031
225367
180486
667101
272115
894104
898732
325544
468288
619384
446749
543511
127104
587863
499886
109098
714465
624461
356261
784417
74807
539446
620732
567340
555328
421388
636746
900565
87246
945722
870572
73942
244270
88451
267169
515161
6459
149032
698230
400406
861386
322138
930066
111240
251180
612534
100232
766877
664341
71120
142423
141298
964977
84385
72318
658619
431925
513799
909112
732096
282893
800210
240479
495398
84558
438519
322285
550467
913387
425968
471915
211268
528630
292392
451624
431483
903551
611778
512042
972684
16201
308331
788581
430150
387562
650024
152673
754002
140502
453305
665274
947801
327690
367236
369367
48490
219258
885775
81084
941941
977713
429170
787078
217038
741605
506783
725965
113473
282255
912849
736129
995114
202540
16769
418985
392791
979887
648925
505067
908478
847794
830695
786479
351048
465048
349702
757948
256702
341030
932923
718511
481851
920078
216982
812483
305175
884521
335766
605525
452302
254176
274183
115714
372828
313369
574069
907476
335509
190992
338130
756157
878822
205181
772677
41630
957238
315775
790909
784922
135475
455118
101498
866155
14445
489469
65382
724388
95119
513464
451544
272342
772227
685587
587960
199941
592055
832989
603537
876474
981976
225574
509159
306486
674915
129814
181223
525083
572470
369307
599346
250208
517035
887780
132944
58733
728357
541675
730301
327643
769286
617117
692784
491900
159724
666053
877096
181723
423769
997273
940851
561464
150062
813403
661102
749320
716249
892250
582435
723802
261415
226917
891883
36054
921605
422814
705635
325206
896725
180484
993730
848502
546384
985379
279052
319204
893638
426919
295794
721002
28060
319374
31466
206680
509566
339283
153652
989303
666309
29411
881902
847952
17292
86040
817042
5379
470996
496122
853369
749554
841748
67209
863910
89095
294822
252953
146797
951823
434333
681002
831948
256677
228969
723447
657025
102475
985393
607846
959875
188306
943574
371014
417406
718139
989032
217306
404463
775737
643088
168242
827696
506114
332128
410840
863753
748567
110900
81673
98918
96820
625487
784512
684643
714733
24157
391489
742758
570367
405121
730095
609707
942199
576248
181870
721970
566331
271882
457978
825612
406367
499862
945223
896172
548542
339112
544687
233821
105246
912316
62115
721170
468392
399818
984274
925117
286188
850953
394823
654784
519390
888428
408503
278829
886290
190350
584708
180503
908624
907820
320806
691639
873250
767179
930900
8389
957295
883202
481690
123425
997716
206981
853657
431440
55435
244895
305573
583935
585276
45266
228151
246607
943104
337740
731720
499019
937092
457643
859199
872273
672792
344910
896977
174394
590675
923718
469068
869316
358310
192024
706146
345456
765350
582653
293530
566196
24978
744762
914905
920001
548505
152674
666028
739338
213022
712659
25779
866589
578396
706651
907800
451447
231091
765633
733108
727843
586897
211597
875413
826900
334415
898129
727581
449603
497583
167076
35215
92604
359218
287644
187505
470403
951155
349248
241412
555728
326379
212554
587655
166009
475901
495273
27747
635352
676401
482931
971292
551456
987750
937516
931486
654762
742322
808728
42790
74666
550914
894859
513667
908778
641914
117956
390609
597206
211112
913700
700157
3546
931126
821283
300753
395841
946752
899286
923658
902985
599728
986984
600932
545794
78203
324935
699591
794064
829304
572346
634347
852827
693909
485198
66652
261691
746653
53200
414436
469060
555731
309297
154391
994102
368732
507850
45469
974261
622187
274713
138682
382757
18057
734431
323043
577509
426091
759236
989581
60761
683102
63748
636897
842896
181528
246410
928229
107922
930204
192186
158644
272850
549177
162462
909400
16102
381990
883911
998596
89627
792120
875056
652742
505071
566679
490348
943807
796622
302435
706500
209648
577270
945957
661657
539472
468775
989322
581698
903947
809792
866640
343766
486929
84526
351071
125444
421520
634149
776583
898560
439372
241653
629831
111724
215520
140558
778150
896222
115179
584666
845082
767420
795267
479510
486768
619604
937999
765657
823683
303948
633496
889249
106253
733809
880097
349841
512333
193106
262028
369373
374881
660677
79497
210073
181207
469280
926807
144688
976510
317436
734314
186300
583114
523749
783060
453337
219845
876966
428809
256176
205850
50179
55718
305609
148672
119309
804504
63898
780404
344144
117885
799437
154840
49799
715233
223000
468590
277800
812353
97348
206336
251124
193305
997156
742111
711568
772369
288034
958220
452545
518111
185972
594823
724329
53887
773495
228551
446306
748710
337536
973346
388425
621628
980564
965632
563871
469385
760181
703131
127785
686071
226665
867857
532917
182235
133903
746774
811786
768067
201968
139376
292637
903993
199555
867067
940656
507837
794264
253660
417635
203569
543294
165565
174054
859784
7628
523743
657396
959829
301267
279345
489358
775878
881025
178750
759411
226392
119566
30285
237726
492329
634028
800068
46103
645447
99791
919848
947640
451328
991256
385356
185790
885510
968279
88257
665563
34877
136597
504483
170533
494181
171089
248100
70295
793596
282613
438278
922631
514141
673101
615835
16613
199202
878798
483659
832879
695856
708303
405380
384189
133892
691284
958536
793008
170269
694507
953413
810054
67875
977433
673222
343992
591656
482744
722950
440203
601240
985785
614354
828692
834084
702672
810194
625789
220939
354626
411180
440857
195148
1148
50003
697012
366599
147434
564440
167819
764089
664590
345282
784565
910570
747980
854020
76251
296346
933295
939411
852001
809359
400245
258235
540243
443619
488503
358878
220507
823156
897069
514828
171678
228188
829301
231459
230522
601277
692799
835811
649732
771084
68840
227717
890729
801013
427396
804886
927167
954211
116102
905554
824990
967486
356652
47905
313286
951767
509778
950600
637748
844273
722351
989922
36345
101676
468018
844397
642447
324687
56245
764966
336480
851058
286963
44452
759472
749576
573064
490547
958284
532608
478488
194408
82164
22481
547828
32389
860075
155126
761055
16679
139348
672715
422685
846660
999771
91122
505669
670570
220164
908556
303819
767301
811865
537154
372898
406937
942596
615131
237196
832451
183186
750855
941338
210302
653664
688522
168164
3936
363655
264260
461074
972167
838322
985400
586625
52276
572558
167164
709139
181260
338829
848824
815230
427805
467797
435811
993464
572241
404879
232897
411130
74627
53746
384476
400797
377149
440534
858742
602666
987111
558795
542756
357395
623259
414718
343948
661924
479497
827872
391406
623582
110448
584996
153167
266426
595191
14395
807068
305142
321042
39210
971386
749956
4713
505139
921368
894553
719498
115868
633508
202910
469410
984163
527216
399810
463021
82022
457379
129433
714186
162962
34326
211426
865362
798520
651434
95228
521542
979687
330308
383089
150495
474091
617520
417674
393836
127057
512002
735336
646033
115238
813002
60081
106288
71480
677846
989947
745748
679350
957439
208791
885065
184498
169191
897445
154331
231339
74323
217052
522701
914620
539006
344988
13685
323873
71349
596136
295342
620126
387354
574514
479049
832086
406219
684836
739321
551156
654281
717125
926958
365604
680694
529343
750099
605418
190273
472369
373837
85444
903603
3949
426280
618469
835961
481022
379262
275063
673635
447935
197178
675495
888225
690901
598115
139078
19620
243143
531222
959117
46323
953717
540101
321221
336750
483777
979147
542705
248584
320718
839405
567182
561000
157167
263327
71047
308005
519814
815880
367829
98335
761961
330309
624950
10317
922192
548750
491808
88356
951542
30581
764148
171383
552975
793389
387365
204764
999191
349408
711201
381139
192045
813315
424165
906489
356877
990128
927068
889589
99057
325157
211954
11797
264674
625805
641379
667837
360809
679814
364636
944766
517503
773951
212010
372128
838055
796687
981890
370467
177484
698575
976281
633495
283751
238515
135784
543773
387874
840211
129664
542709
58828
329061
605157
161378
852521
992566
315809
848524
321511
520278
105625
160578
323540
893888
717356
196726
617572
898291
753803
59561
226811
711987
617887
542876
17034
28868
431671
342116
124105
262207
116742
532620
153780
469031
320050
682256
235197
550611
75123
834880
501660
829737
199832
193018
646403
377035
868863
860198
374441
702226
1568
187103
575242
928175
163140
713270
75961
343341
634031
332296
416843
20895
999943
534581
773434
478445
97625
353012
686190
388137
92091
89426
696809
414859
518017
98905
815047
84423
448405
693693
689641
798291
381440
365732
35245
23495
395871
899819
307586
314932
245154
31314
302188
426838
321669
208348
739257
832105
631400
12978
252529
688414
548789
812909
318156
368358
557305
594690
721660
992313
509874
222480
210879
387476
650625
645580
584332
783934
368247
926692
280632
957573
827426
434871
751275
436232
946880
837042
905297
703762
544646
399922
442926
72018
549589
545247
336816
706878
185070
367659
101538
781821
221628
800439
422058
354463
356701
611881
639472
23118
841365
177633
182125
317482
7151
896923
237996
164978
917632
690883
684883
271195
817021
430844
420804
391799
477802
501849
282434
568666
144556
229649
308631
989442
595365
583061
82924
111606
302366
835565
132008
810519
860810
296882
483777
3618
224167
866917
834126
429341
433902
854424
485585
817764
731659
656174
997222
132170
829923
899567
37237
222530
415987
955448
805737
866040
550669
858428
684340
98125
974483
363858
973451
700469
314110
82535
817027
436335
848735
848159
655556
250703
694855
854901
915318
728184
741667
440425
195381
534790
807731
141788
859573
200196
288520
719430
289868
379782
329609
524157
889815
121064
740386
664906
464938
500433
849516
442089
195138
108474
197016
840350
999737
433232
156629
270874
195780
952396
938591
900592
50653
9553
30517
270934
196206
220280
329201
279768
87297
70043
601283
384479
115880
445583
12466
476912
979390
320951
773172
719865
299032
9541
533333
244041
30346
164674
112065
259585
87401
730415
337169
352129
251928
35117
984787
446232
849872
699115
138374
426768
603170
665261
447776
489720
496137
186081
903982
283559
653305
245654
633637
736313
161401
939791
247606
641840
911000
116941
112623
535093
904990
835432
986659
408805
550787
782018
399953
305625
227067
158894
363423
712962
240007
813435
300097
460108
524934
29251
840525
529007
176128
819001
653143
603822
906289
115553
519891
37570
611157
864498
1895
37801
138586
888656
432865
265148
244283
521051
294389
767337
606695
561950
122653
353387
306729
163761
246613
226547
643356
108156
559586
100051
758955
68316
844771
646554
788769
692936
130444
646881
96622
643301
369361
245667
847663
967173
661418
306055
623415
448264
933900
714624
406628
788271
806978
41331
575038
130578
717796
797597
330548
60925
14555
410488
740473
589874
204572
706996
178480
738791
668836
100047
654593
538472
371988
655256
127528
604321
26478
891092
937607
764267
648203
975739
407144
654237
262137
619599
365633
384647
958291
635578
373978
342031
222905
782631
606854
243654
762064
810204
329336
256527
262033
499520
154329
239647
491891
666578
766964
998363
635693
40987
140122
477442
266172
517783
599772
997918
588501
431372
956011
880808
9455
41369
583264
452674
368798
579847
540524
517004
466246
961910
405251
666037
626777
705090
31695
827615
702984
461340
497046
554235
738163
254072
145392
994357
186372
491859
644023
953572
139883
899780
36667
262663
30917
27524
382152
974414
131244
788048
410811
504259
168426
915252
486511
101313
945356
682939
665189
183510
998208
945601
787930
659914
290404
436304
798653
690499
567069
960805
832202
803813
973536
29742
133561
214638
895196
459963
722347
920774
455915
945413
145946
150811
34390
567558
214939
888519
559704
697376
373
120753
979489
302139
897070
710968
639255
835841
9832
856248
10239
648734
20297
670089
245875
761167
865508
802474
938732
971067
234669
586569
637167
231397
61097
832648
848092
760455
618485
664460
969368
250919
889163
843218
446533
777601
433967
981561
421578
447758
92083
525104
695642
184359
767874
473117
258431
796505
262857
417138
503903
788728
478664
937833
720070
542307
712914
370576
646419
426598
684340
627974
793322
772706
337478
870970
192585
671370
588091
957628
540081
577970
261909
744632
484498
722813
431945
798631
830606
139806
74032
562268
695702
889752
577911
586182
689994
178134
573766
652722
897435
84259
346899
515339
982102
314670
419160
288373
611130
329644
985887
685736
468439
286887
129293
749785
11652
800049
737305
467494
710624
947518
314366
226253
122778
704127
904454
519815
425279
697859
457726
452869
625949
793565
932926
763387
519097
571226
560353
348221
159032
196537
5679
203282
111700
241174
423474
132317
745151
417412
798990
49022
12601
463640
763817
52356
829133
829160
470703
151239
240052
336930
453483
899343
748461
580097
104309
674372
87460
321603
786385
397164
838570
760093
32040
920225
902910
391646
888561
4335
27128
845925
734439
160860
831768
487382
312283
207771
267809
758497
345473
694282
822963
924481
379121
923982
641975
406752
706205
685601
938807
213156
536940
212437
934790
509314
447975
68135
817326
710315
704344
813967
589242
989852
580374
12775
536388
788919
645449
921021
77787
874329
508327
914723
454666
908956
53465
464718
449263
305478
696297
757168
301492
308650
487999
475989
960764
661188
304596
747726
227055
834048
264211
515150
968938
890620
987248
20682
217611
389172
761335
305840
421130
951227
310882
563412
847130
326944
963898
694705
272869
766691
646956
269885
595983
874622
484071
171065
548051
228378
820294
315014
178568
556807
689151
425705
702390
155362
166972
687429
928707
637114
36355
494039
824612
145379
228110
114990
562627
558670
513104
922304
484935
469273
525528
507326
269841
840310
652840
857143
817387
234006
37731
300017
64572
60818
116533
71547
289612
618691
919788
684493
687164
392963
255389
933863
593271
210199
178473
172020
510365
912680
454735
860880
375130
631953
901483
535867
29216
576902
20554
416495
918837
813380
340678
229026
440510
488598
461678
277184
80459
405322
957660
53231
657807
419780
531485
163043
804418
185518
280113
123443
998503
237251
658258
40439
406169
187764
360672
742834
753059
832613
845946
203492
949245
470234
193813
682992
435129
295026
532004
247923
388254
107697
243677
888618
941857
496842
201988
466740
555703
839871
81109
271515
833456
641208
644896
670459
121404
290327
513290
860078
201986
327727
363864
213884
497355
579829
901253
123200
972458
404651
62807
226649
588000
84886
785584
258119
150812
896786
616329
746775
339167
872579
301904
677592
11314
563764
288939
104984
352335
211661
53413
608198
193
809466
679452
728079
590321
268321
401507
107212
975523
216946
831762
985778
207276
470270
428010
571279
244815
145560
100895
799324
209305
339876
602063
688605
538581
164978
401187
834568
603920
340051
522304
589349
325912
444180
287739
205106
293254
276212
791407
366422
738440
182542
168882
117285
400671
240394
271594
261760
338276
869686
303903
873376
571916
648445
796852
483453
132450
622406
92166
778871
774177
391877
57977
910450
510281
39351
800187
598642
868759
762060
417841
902028
827174
393968
568171
357068
130605
396196
747723
641125
898563
554844
497977
236766
7883
358966
923768
414136
570567
403506
922501
72260
525329
631140
622981
366237
570561
224969
173044
695339
153355
553210
682929
526066
192927
748495
180270
922315
675510
940367
950192
135330
923217
696070
798443
33915
768854
209529
662455
684197
394421
827224
169392
493098
40768
119674
295684
644184
408141
448203
186246
94471
879006
819175
337088
586333
655015
791199
293269
198344
975187
632960
461933
621022
502233
437838
270322
761527
78809
48829
265754
849746
155970
492585
597022
86021
165352
129983
667676
386231
805989
995341
992203
558819
44194
956351
668134
566632
907140
297153
9447
139164
897946
170847
220289
878825
823003
377835
429162
534886
99789
829906
329800
430969
471345
537991
506628
624921
480932
268761
996440
587699
252601
492521
56391
357038
711551
170334
855324
419142
482349
908278
151185
49877
868373
927274
93518
844215
109499
779989
653682
713501
246601
467704
284963
795080
682385
887184
509041
543987
336622
90823
961740
987437
573425
309698
452183
483006
308428
33275
377564
311028
582763
682099
51831
245747
339479
825635
413177
408715
81929
584152
488595
362473
425807
607711
500175
777752
132806
765007
511637
496939
969173
830744
841476
803953
510855
148379
862241
16244
203519
687422
18143
938728
478182
295002
804954
682763
706612
360789
738706
947059
334667
987057
466882
288902
184225
539833
112330
58204
778422
818894
756018
879261
150669
885016
273298
29301
827760
447214
186633
329511
314935
271909
307612
708117
478376
237868
881587
818930
346511
803319
669170
715573
300981
742281
781303
703383
255141
843354
953002
271815
944525
283270
342016
236327
320885
95867
13592
88565
324514
379809
420232
713462
284462
743952
118949
696338
267401
928700
541234
729995
154777
727344
148363
119374
743399
982345
105229
29665
332653
889900
549156
363661
242117
8345
45269
199945
911981
615890
913858
549617
329773
719270
572035
846084
343390
892069
847417
271005
864824
905374
548254
12982
730839
121667
350303
891362
996263
138553
800321
790790
195982
474851
4203
577586
187136
488212
701166
263319
911066
860085
275394
368341
940957
698128
698312
447004
317703
322239
415850
831077
224232
26299
503559
117436
629189
98594
135064
165535
206618
7328
38600
924106
597349
160332
340922
973637
142313
2092
92598
777066
713853
690653
868468
370490
307303
523599
472915
311971
581022
363843
151840
697297
166847
890202
913020
882666
354924
165983
88455
315451
801510
672056
720675
920646
38230
873247
714960
660342
379173
486248
471538
546019
977520
898650
160224
133119
819326
915932
820537
783314
179129
881493
898213
405385
45788
895935
101953
516029
611577
296301
769200
539563
429306
451716
339889
332225
695104
365180
614353
686740
635658
33295
848124
826282
87481
482114
47898
219600
380703
37960
485174
574801
405380
93925
115697
832563
699457
674622
867166
21223
786257
628135
861688
461825
603296
915117
306566
639776
959886
686413
711374
223665
709750
200964
231493
937747
265962
647122
218069
485099
440698
617889
949043
112293
46156
570047
521079
317269
138531
516377
312837
378386
222052
274836
537618
639390
695308
353446
928535
912272
589910
517913
314026
92489
935846
442182
837695
77129
984294
975861
561343
86395
363935
36854
446527
97850
963490
944891
719655
407558
531023
912419
632390
110055
246755
568827
151258
557666
603166
94789
180793
124451
364708
943386
356725
401218
118894
770768
930338
542461
778024
749013
535938
915131
117011
436545
32752
104120
536664
509987
187334
387593
780108
781289
302231
197733
775410
25549
435839
51717
283744
921048
958302
752647
170310
512317
740814
886479
190939
665194
515211
666159
513702
751843
810876
542229
1860
891541
484136
563224
377729
301037
163410
918817
954473
284297
496645
951005
116356
180147
437083
533802
906911
837991
22992
875344
17817
663998
675829
54733
292729
874932
302969
851228
328421
454153
59602
148813
697205
395360
988923
479019
547013
445584
842593
484528
4075
926960
621696
531450
811611
144397
105382
869867
70356
570594
592655
554681
507499
921989
35545
36693
260748
194893
953668
608156
588251
595695
208607
77258
580851
695554
943297
940221
190351
62488
962793
846295
86379
729309
51556
862230
125748
805806
61776
710076
242583
709840
9744
575897
96194
107935
840212
995746
543333
587197
362372
777766
955184
130056
270382
756528
414942
261332
63741
906982
11748
822488
98185
978918
196904
538331
834167
672084
196272
258525
358241
258402
240724
314274
273345
877552
838034
858409
501688
165969
35752
631077
73838
698452
98284
548050
619331
957143
633820
808400
46518
477461
449177
920950
160383
860173
40273
889421
801698
950427
755863
455878
691395
203644
477248
644280
69688
792014
210795
44357
857820
872382
552852
12467
989996
235836
544260
793359
668800
807332
964043
36068
69117
472079
501022
857386
570151
596214
662997
209049
779323
357743
966179
296315
813253
407508
638518
96798
938458
819566
841627
205080
433422
771429
127333
509171
547364
969853
486510
175746
280007
437918
39441
277741
300101
598557
234331
941311
783328
215521
34540
60155
377286
773968
75018
283249
435799
532836
688179
289362
466705
762653
484321
274876
956744
54900
299285
182678
769402
437449
202631
612271
622930
287405
974591
770699
974651
60956
643856
797074
812434
950837
506009
231751
972718
758895
669747
11463
564663
383469
556327
370362
910452
443994
204756
755005
24475
209241
59937
66816
666422
582514
420255
633595
935904
572802
156719
744814
721695
812905
159712
146097
805383
415609
204840
92280
116354
45445
295322
250218
30663
222469
38426
482976
544117
228108
738640
498674
902258
290424
995369
241952
547674
751202
636419
470595
307196
217899
817087
726875
194821
819804
383874
658099
60246
907827
965386
122299
276658
706206
514952
267742
75906
61332
205987
782906
499959
201125
108859
379965
44310
603810
490851
844023
630446
34623
178045
300024
423825
590664
486400
262760
635265
985974
851986
173024
542994
617751
474489
552341
945233
21190
938123
764007
515777
545994
964993
638251
83666
358648
578549
161877
542849
881471
765955
587465
347387
326813
915859
871599
962989
493996
502503
481701
285138
74070
646337
438065
496492
870752
197571
335911
317111
736888
729288
674465
770408
938956
931848
387613
721982
388136
906532
35583
147101
502067
234538
155998
398983
712807
220999
652112
137151
480130
844896
454411
207029
187380
752804
356074
202516
907185
508941
746223
387352
424200
871409
46970
796701
600115
75496
434282
883499
61527
964001
151961
195377
569719
747144
693327
292251
16075
529539
1585
572475
62141
834077
718686
651508
440980
547650
721777
279396
123338
112992
461817
941567
680614
484861
590100
539496
286234
950278
815416
86308
719963
328995
689489
912712
815248
670372
953670
714382
890084
338222
447822
823408
703554
861627
437869
677930
965062
898256
392590
834938
29927
567206
61991
421066
608759
851581
376870
172831
61380
341815
596765
988075
994378
647122
390780
577177
936487
365327
347606
568242
397950
879762
194751
803953
567492
813782
524187
147872
767730
902473
364297
297634
666112
636639
352606
801864
293712
165979
677821
287083
972413
677812
202388
191488
740519
702872
192850
298828
738746
734520
366971
229719
450910
797621
879478
642219
656167
175499
101073
42887
473951
558613
765896
778574
496434
926438
216238
764172
407476
403244
405070
742217
253471
894040
456369
529340
786168
36862
548165
111742
614856
700598
194118
886219
23694
928461
828057
640406
271321
469243
769737
866311
138496
418554
615096
714850
369033
848641
977834
631515
256415
287520
974612
293455
284520
855575
373261
749455
631721
616603
391042
488931
464869
912789
5289
24857
311517
231409
8502
389802
740696
185528
406899
825567
442437
881299
206363
345706
801625
807274
963100
648568
137140
936540
759527
931244
731962
924079
319594
139666
9152
437327
694907
994199
609572
393840
750296
584071
886119
308097
840845
223086
284221
53864
928847
373352
250704
120220
765443
645830
324355
897416
244453
467158
718361
677953
959665
584020
672654
490208
922195
677238
451116
162710
558549
255175
919518
809215
721036
32741
61356
686785
103756
764120
766275
874628
60513
688495
569403
304737
213111
344870
993517
232254
937125
381057
3725
267001
417816
364255
317097
201902
639110
872085
590994
365936
702397
879465
425323
181582
779993
687558
79646
953502
667980
51664
20897
714731
952904
640103
638502
443923
770653
728132
252051
189361
749394
702008
153113
8224
208398
602073
326183
817011
188213
878668
143480
870958
8046
108585
711396
955501
381322
378067
53029
283946
349405
712841
28005
402639
712068
448186
387858
90786
869911
318432
270645
9196
130233
275523
647834
499226
432073
532001
794961
369903
851954
60032
235294
765603
204117
220561
431402
531872
918267
752685
963382
244672
304397
15646
437870
844303
106474
494559
154769
192349
107667
383599
491852
197790
749967
766097
792300
497033
153444
310961
188248
592136
108054
633867
297643
449954
288717
651445
955470
233513
255962
199881
857998
80436
272424
232172
685093
308055
765337
469591
35708
550848
931605
214747
4487
631799
405946
783271
638020
365786
43209
620284
733159
843438
60643
275084
957568
172725
929489
535776
257628
629866
268363
70297
108283
219448
941170
359589
168822
824756
6643
673853
547262
961122
697850
944515
126749
206595
152585
237644
63466
426685
366565
372034
174701
219650
952640
958602
261869
445374
61491
141942
648133
194301
339006
871434
599558
399908
189089
682724
566645
915579
54304
879610
645271
211258
923115
721012
121546
245782
578887
766093
752307
49832
52467
806059
7863
279295
645800
440460
496338
987859
479733
574249
997263
889183
225946
125157
407201
934077
678587
573276
603834
260931
407951
100272
879280
675784
847586
270726
174788
844258
570054
310150
829718
263518
974876
876698
166360
558992
168288
68569
609808
966033
475556
907464
86099
702185
280353
478596
216213
203409
883029
556341
58830
493216
991255
381374
278086
588047
331605
100654
232886
117284
717311
616643
253251
780705
812772
986505
898492
437256
480465
182141
666852
182372
958517
353700
866600
202256
991146
708980
964116
431083
73771
661479
571755
770808
535645
219869
175864
111043
766693
926363
10366
867563
101074
574065
749218
832532
621277
751867
340357
214729
205892
697158
579558
721850
883902
279994
327641
770705
38297
428999
32785
746207
982220
407903
676794
816250
864389
189552
534046
204200
536900
739613
761529
89153
77130
689257
413695
313336
68576
564576
837859
537165
294612
206358
702319
553072
329135
253151
959555
882988
77295
816863
226926
23469
75152
166529
717456
502146
476089
584060
168475
96838
425223
132529
605449
2835
291988
486936
541141
659494
659927
467428
728986
535947
698544
423084
788138
759853
547984
683414
170163
825147
488271
151110
28363
247302
96668
904467
501565
65826
643048
647924
482952
95777
401212
939761
504364
65947
920936
242416
32496
400965
783509
236062
962296
203124
659243
796670
794202
540327
482550
468598
106710
872263
639431
370904
479356
380700
96036
129476
181312
390140
711855
328946
207846
439164
321468
873142
116283
729391
242444
166903
461043
878000
909758
672977
406425
600488
282575
21037
351416
30469
699622
165815
134465
260
872669
287826
151309
602610
513623
950793
343451
720569
157343
978026
116936
285646
675909
10893
254493
768322
273655
963089
297080
415006
327443
835008
7454
214761
398144
303691
17860
124320
281061
35817
617652
845513
475756
727943
846389
800763
147600
278443
694447
528391
909574
24370
908111
626670
982835
825544
8517
770147
837120
277435
430828
218358
280118
381067
51108
571232
298575
849421
667799
77144
625050
893861
873947
855805
228369
683733
978308
363110
500319
513307
638478
306223
980386
483877
163279
349454
9976
985541
485161
510984
394331
473783
53264
192343
658550
133497
563393
430297
449514
483380
874690
736549
729422
869462
228158
72338
175586
796973
34412
665817
952411
891802
144030
569538
638095
452804
479572
149970
483686
807255
31345
211058
320871
187512
426271
968441
189745
317455
775408
368421
345848
883368
379471
398208
538005
333610
53956
338287
110798
109592
273446
174939
745962
458644
114985
528373
670366
338235
238299
436910
721529
547419
591772
318423
576930
215440
143955
787560
651146
725048
972483
568355
806560
454535
139803
391154
529199
264415
65356
849564
439226
626899
639330
757660
813867
647200
254744
515329
543183
185049
278910
395019
409842
609557
286632
533159
215313
461846
291470
245214
292264
209358
484288
316523
633837
157338
737149
4762
699939
833399
164598
158058
630865
329024
486748
321349
259416
22474
730561
892862
474481
360046
3423
398307
194030
184889
507828
137899
403764
556258
636529
415411
695606
378005
700547
383798
285650
523116
433766
44589
133649
762324
578577
281616
631334
790287
181071
721201
372309
98546
876992
338584
608881
520919
683844
857249
837335
809953
715485
434516
879333
915563
826025
463885
482931
105634
774973
886943
907169
263975
288876
324840
94381
288779
425330
225424
816747
177343
336278
728206
555116
955582
506016
166854
916638
616344
292785
804222
12867
973384
616275
21479
198710
223046
321739
188615
508896
321662
832268
20881
389818
185469
968397
961332
925359
449754
109684
675889
205749
514991
46007
567990
27935
690622
759237
592464
604978
200893
637893
688053
728103
649901
849598
182188
459566
758351
350686
787885
740768
797614
670918
133622
804132
168183
145203
387811
332445
721003
170048
569830
367327
518373
934039
22159
96794
457035
3961
432415
937638
34396
938796
504749
779427
503011
893367
734877
956898
258252
329524
202284
984396
37616
532489
168034
628833
915266
526570
572633
57076
384039
272125
533495
515180
683818
991575
336830
916380
2827
193825
107129
338677
45619
606592
68502
346968
807414
60764
748141
177491
390720
336091
413943
946449
360814
460582
629494
821225
211519
502081
586913
326034
758099
513710
227335
243993
549970
908707
424775
871838
824634
759638
179100
988505
918259
602051
393582
201235
746777
359027
510229
659636
416512
831283
428672
553499
34060
247325
985131
733421
931688
327376
832545
80981
131604
320042
960151
695524
833796
689873
707175
995082
164795
754084
524020
669639
784017
730961
768362
623952
797817
821687
616073
854417
816462
780951
631589
500397
691359
145654
253394
911961
7347
283246
745225
662839
786920
276939
454373
456582
266351
315515
475128
204844
430367
438037
880891
238241
589360
894705
251510
979517
744172
191887
903076
362285
505234
702458
134097
309942
386605
729506
724252
716486
198379
151791
287118
800510
69493
422802
487679
771450
873120
717383
540086
348130
66678
972603
139984
553134
377329
266708
362574
136985
575218
469746
157657
52968
346200
116437
503230
957971
2266
65557
934069
560776
161446
617590
145111
335641
465402
162446
774371
22173
726082
296181
343792
220398
66677
511924
469611
400738
462575
702005
299528
533666
680277
240941
518145
720346
940046
914718
452009
976782
419747
298990
974999
398272
175697
881071
13135
218469
255267
727743
691066
726246
31695
406125
777001
224933
265246
964023
618326
259208
754504
870971
781773
297611
740328
328483
800075
959095
390982
75267
207674
299462
777773
971881
360554
175646
542073
38180
43901
310805
416835
116214
847893
866217
168299
525357
780376
190596
607735
179849
171292
857876
565615
166782
149832
57400
136419
299903
488215
821864
371614
571621
833161
675541
456338
398337
901488
32028
75006
272636
81659
560229
73859
969031
421654
46715
968022
25936
446369
601833
520986
267690
868887
132968
36060
652330
215286
12169
306719
141732
494605
387943
832815
686172
610799
607469
760822
102895
174944
372417
80428
679292
838972
473142
671140
884908
953674
972726
270407
613053
197461
249854
36654
35385
866297
658937
965600
798333
499987
46413
780959
274554
673857
640129
6126
151699
624514
850557
143859
109322
432152
279654
932661
772732
740027
742512
14605
729093
63974
746266
516641
574782
463389
216840
756149
572565
29497
50918
130983
721018
251533
390074
109996
718822
514587
184541
480847
476513
755186
512827
726543
167806
709919
403504
610496
472148
218860
670060
372119
263753
845630
497651
734316
632181
579136
515081
329289
935965
52300
759593
315489
417673
429066
761539
788166
509384
805482
492702
195476
368586
423365
522814
47194
900996
14239
714186
904621
256855
54186
413387
316164
232761
804776
84231
221580
144758
61575
544062
497359
286277
131516
383418
436836
707923
148883
247244
937101
758886
217983
499426
738039
608128
679653
17388
338089
462375
444495
918153
965749
502746
987493
862865
647753
742496
381517
399874
107715
379351
541585
421158
952407
343847
522702
674759
257049
617310
873658
858357
416147
180137
248251
373364
988310
470370
872583
235836
200869
562914
314002
869769
652607
499600
19050
900977
560468
267560
672407
501766
510808
90577
45535
152496
668322
998999
588434
736048
758512
703341
42441
814127
295280
413247
506869
506973
548351
983081
224439
115759
778273
787690
56290
489258
845001
22285
999002
954454
407205
692230
725571
950169
917146
91263
145233
870869
497396
917067
122402
960278
655827
139622
255131
999057
405135
420808
234621
688106
580851
546153
49124
562250
159966
413476
348174
873087
210685
279139
724317
806298
764587
348140
639819
361775
931250
973035
973529
944383
365082
403857
561839
934497
838107
595751
524442
664180
579030
583336
232789
372073
654833
931414
203684
974863
806296
628302
526091
669554
693077
780027
209664
455200
702069
722753
951380
515530
984053
80651
174555
712850
319554
97330
175023
12452
908109
108314
734964
158180
90504
623496
835372
813425
44526
715863
216450
714841
513334
577872
254424
812657
114899
865245
415633
786340
785113
274791
490791
86058
644247
534040
267012
671150
559973
337283
984608
144342
519579
747146
968029
694942
517169
278429
64431
438279
370225
65086
734983
532009
537112
402139
364006
398017
889318
3979
214934
291909
751227
258130
2629
528994
808233
641626
249122
806300
736596
722495
701625
844682
332608
893916
542541
310260
171472
60223
503599
577616
832380
466786
910520
945294
653168
322232
448950
461240
769691
797357
30758
73409
98664
5362
397690
651917
431287
111855
299083
330663
839480
493933
716403
547713
584393
700007
971449
824334
821031
252598
166323
671714
164515
128686
517997
659640
822195
735229
340788
674352
695200
270098
109540
553522
135674
288937
405722
223408
446698
7622
705937
581218
49758
914597
2298
746775
615604
61293
772473
573200
751508
784127
893892
962463
840322
209834
641151
439723
628178
924903
934112
116765
219607
315762
508827
457027
274376
205652
793097
377808
644706
388292
209522
197258
126673
513581
161996
118966
696064
821309
876868
463102
728886
236874
795830
211353
733936
7383
216062
251565
233168
387420
90789
281471
77341
655771
863295
721467
547907
208250
386602
917123
653267
478959
987575
434355
667793
176686
52957
411699
974085
217304
141818
761332
599552
94444
511818
637355
397250
549220
289342
973030
760228
609942
153438
148823
399928
950032
749668
822016
310611
710417
872968
656480
290408
606915
57427
447614
563057
478190
456837
571701
725183
125855
366969
145538
322294
729024
815720
153455
458066
288718
362279
109199
193688
805504
328020
958801
233346
335000
769967
192739
332262
961623
614959
696098
601530
362016
791108
869708
195551
754288
908297
759180
163455
365920
687172
200769
709717
303873
342159
710602
433508
864595
969341
256793
565638
999606
476385
759703
8007
557879
38025
467182
259847
661353
270866
357402
864790
383138
724902
60869
371741
404717
477669
934294
961672
103663
84698
747002
757172
553916
710864
669943
397020
828545
799128
980998
38797
666579
610700
153644
198665
796963
783978
980417
472993
854702
434723
743861
980666
619762
100176
52917
479884
754029
434939
324346
788683
326429
25993
415131
486687
579138
97684
357248
313626
500282
971003
785631
207189
341288
86073
14408
98891
578766
784355
670590
357445
345719
263139
171098
814788
551597
254365
865005
489444
921726
571012
6930
164754
94836
824801
993243
940432
660656
166928
275297
103597
603685
640790
631914
283199
211972
178587
363510
387935
210402
719045
8650
817023
793392
709826
972192
183765
562920
354322
234515
971479
276953
293578
947236
472284
203880
813341
736237
722361
626017
455613
729484
490408
389779
904814
815435
1937
840549
816123
953561
970850
485251
961857
517516
278579
643206
568487
536871
879117
267855
754288
2719
666160
532924
557354
464706
239790
247963
904685
858217
886483
424039
442762
472245
309192
516624
154338
105237
983563
57333
358857
846529
619436
153047
227069
480747
823643
177169
589464
750275
840999
995982
809120
885726
315007
924627
924431
905748
998592
535786
15464
41338
496529
2313
233025
225900
629749
374795
42406
67608
692466
964874
582479
136480
229492
237157
682900
244466
148829
160355
784258
960351
861162
460190
833576
971731
907152
202603
427985
730733
558307
501274
75980
886901
886841
585522
983288
375639
372127
677637
466627
727725
87495
887043
733285
433188
865305
169550
813451
160921
553608
166748
524472
330771
566387
515081
712664
543877
136509
116505
601595
521752
602080
940683
763717
212433
851848
590527
140907
737122
950
837922
818424
931288
332866
317079
481818
665636
304484
269338
660963
156636
193026
549694
530508
428215
274510
77349
319268
778848
67991
45002
7464
783489
33104
733766
804595
430150
563205
566203
169269
268769
365645
950887
442255
998337
205377
500588
479907
190609
941752
531934
877235
60833
663016
490840
190468
575328
779224
580466
657892
119196
626291
947297
486098
620535
674934
267261
334577
604867
364662
636469
429373
169464
202494
221236
427135
278045
242559
455341
407147
320552
542328
980035
343435
642921
719707
369704
738235
182476
898921
443694
92005
113239
987934
937237
51558
432600
977972
73719
977016
673080
335709
239048
62104
284507
461373
648772
976232
951098
201077
90575
593591
844581
425126
204800
207539
818532
399548
25442
763197
886097
829217
528582
471384
704672
449278
588777
471238
319051
292496
951532
947897
212425
313432
858816
807285
855693
243025
875348
623177
600529
209891
8157
166095
514189
878100
538470
571308
433142
575548
625183
70011
190151
162912
134418
44706
698198
138859
89346
749278
667679
174752
546029
47511
974687
807574
934822
357000
117998
298937
788512
16505
553874
138184
772267
447013
765219
905026
412725
659866
584207
183594
520301
718109
474684
347492
363184
749489
167499
251252
660812
180210
854082
957044
53723
643436
898559
868396
407401
264578
167097
54251
56480
110123
818897
73416
608906
569982
746828
869292
512440
460442
519157
114947
27803
816887
342519
264589
603621
481670
171959
508189
47880
755176
515504
121873
182614
69577
99288
236707
276843
518006
650855
97527
133369
114029
326226
89116
996246
434818
775658
363223
843425
730511
442437
347086
660117
207977
233747
552210
799240
107487
544035
463607
459968
506733
478367
704948
997697
423503
372311
173632
507271
881883
379269
889748
568335
390911
586084
769305
459610
572856
447088
357602
751370
341892
887427
942860
481961
318839
396485
500468
192018
322972
295270
862104
162440
768510
718554
11159
913792
432389
423371
595718
639405
398509
761765
170644
810594
314884
576340
512365
204184
715987
82212
908490
331360
561781
95344
385114
736237
374724
237995
558928
612712
429289
558112
341657
142198
407051
958165
503772
481586
358858
560536
774919
438837
994256
94205
260638
924185
665712
873031
291391
670026
549468
614197
302962
28424
987567
457460
586236
185608
879695
781379
709834
795450
884152
885127
584223
187371
814182
896515
830627
672925
498723
625273
518230
349857
791099
959893
236274
53293
65219
622180
441084
456673
635175
853409
119105
357724
748489
591921
170385
538017
424542
855134
150484
695244
340172
583729
105307
299704
194537
953621
400378
596789
504631
312915
945103
416213
293957
464482
232964
544097
448807
844524
19965
727502
100135
403071
12542
419105
651778
603869
953851
581275
629208
875404
15972
710778
40142
5860
848651
784960
633436
608755
832283
799272
212534
149879
109245
178707
554711
353244
54555
783931
911103
106805
132867
773017
528775
93227
653743
830606
336142
978938
149420
855365
251338
711576
994036
468179
669174
83097
649421
800248
947935
746504
791431
640248
13020
141617
251985
913312
255922
893134
373459
978674
275973
926023
986077
375395
320574
441469
900322
864620
138480
551849
688396
70266
993901
634263
337251
208138
704525
263036
514615
20596
161432
683294
987027
665804
864572
496409
653722
275840
169312
44346
765999
269806
348060
858938
979218
12584
939229
358988
412330
215908
70367
535926
389186
838953
447030
970699
400535
696085
760846
115569
977358
615991
132822
517432
524699
103653
674267
334349
195689
129032
314752
416108
116357
524758
182494
992559
790941
898859
312602
230328
378752
158534
643899
928533
123472
892221
327498
4342
376562
4696
443315
881921
114350
457552
350417
31583
532339
471236
920082
718241
97841
247701
407469
409666
458025
719694
157151
10735
255228
373167
774709
713308
609206
474274
482788
295459
108643
608211
373126
318598
723595
649293
358130
286335
448064
27774
552154
402285
484942
352381
157028
163953
993188
960401
402761
756394
725815
789493
717669
444966
34151
881163
61849
460596
894808
708403
125555
856197
929482
903484
230542
193551
907746
818194
878566
660935
364696
66395
478800
376282
124158
210476
937355
98992
237559
19100
437276
700494
632321
365886
968190
130803
200993
138455
370356
915967
412267
134289
578278
616847
831835
189799
531845
615362
539871
417708
716897
641825
540648
646164
476183
400661
107956
439639
16782
43619
599548
751505
535816
703046
514838
75919
669627
673097
36836
188299
858131
213785
239934
454337
543847
639930
572317
496462
904529
110254
535704
992046
384532
814954
757903
984478
15311
442652
572075
724551
860906
614406
41323
490916
205284
894754
35525
932356
982330
270365
687650
966533
759399
443552
979280
7099
694901
930660
745398
346725
454410
537975
237871
594493
725721
953089
995470
323118
132608
285439
99255
682270
792462
777092
619459
742133
956508
795471
238070
594456
374559
233678
307074
217104
173096
171664
518127
535912
32231
503721
588956
689187
188287
370034
360743
991962
938494
869635
406127
940259
225278
891347
169867
560133
551837
340985
136701
638432
69805
221330
282568
314327
685283
901625
197953
646441
978023
106279
715766
797410
984885
228942
886402
992030
322322
228637
478664
933334
804707
386993
514789
27962
615339
705620
233144
419870
683903
698435
997128
55319
312989
252397
789910
86235
827199
152905
447483
50749
534753
998134
607319
930172
103645
761120
980140
676028
824397
578285
196411
778831
249809
547925
711200
28613
848652
748143
689842
33786
698632
611114
397539
247304
861630
548317
669888
502052
210245
139897
746946
878619
364071
665835
718236
808924
512692
443368
432555
69057
95737
756612
301151
383214
677593
824568
878886
388524
822140
926671
176645
974610
342977
853895
812094
414956
992941
10609
510060
961360
302502
293336
521184
411973
124655
318350
146035
493576
347177
423255
657372
402734
652863
130865
588888
666247
229953
595824
56467
753185
359679
994856
811354
635207
913037
912384
714663
114405
709349
174273
826846
329589
732809
991288
148320
546001
797133
851142
4518
279103
681125
98550
239097
874830
455324
204663
38591
116863
714124
224680
901183
871902
385629
9101
103525
116780
116042
40915
995730
779935
507192
565171
194136
749374
500582
159723
920993
344902
970267
333046
795686
524008
99589
141313
842121
844070
215320
762189
465243
258963
268820
33970
647427
509060
746033
776254
583911
888087
930215
683
160950
618329
472671
542988
458722
155741
184047
56823
373979
902549
991111
436533
431538
520035
824126
650104
725899
8561
374269
911433
703081
389170
155803
431314
878344
866622
848016
452571
773081
741084
891263
839216
454917
500860
995412
326143
968709
903452
657472
971606
696098
865131
399271
178200
82313
852071
843665
75775
212792
702303
472478
466999
47131
62995
33735
851306
636026
322015
581420
879429
14959
982210
491207
935890
325071
116601
171236
25117
59741
529719
972993
394738
619841
801048
226758
437678
241
702613
143772
494353
5367
33164
255594
238836
683797
818480
409612
950988
864887
61123
711475
166795
416145
594080
4708
42854
109945
759708
12131
770993
459012
523415
908467
894306
280930
619829
835976
849321
213056
309375
216117
96125
451105
493973
710379
689005
125164
955958
979591
400040
138916
810141
532133
788273
956723
594742
101594
579359
553156
977523
151212
956768
150953
790481
177901
562970
81955
991583
782461
767797
307167
349413
945440
412757
606533
79250
214265
74064
598250
389937
572408
955099
451200
196793
403927
738847
126516
667509
645210
886704
638343
125078
436166
80554
283450
632780
440688
346331
730661
467564
242027
394411
781382
247161
841478
434261
982475
147213
726846
411804
211163
514974
146155
735999
562311
54408
805135
623301
518732
630219
546902
37085
687474
180705
935267
622255
576045
376027
539832
153053
954638
531177
895883
862969
591841
244030
411553
159601
44070
831758
10936
705589
352291
440439
650264
787408
843712
869566
692038
757061
1120
400538
344346
695800
540719
185709
318526
173532
874577
553151
563470
335020
668711
235530
309746
618619
637108
141327
276451
486715
943632
743975
45406
151886
562972
101210
833341
90118
133013
171956
673985
919204
284681
495974
139426
447508
831872
760476
835169
388179
636186
11110
63873
134338
92252
203876
550461
984200
55860
511053
774043
525334
353332
999577
544198
116038
946235
631447
479732
783034
358044
726401
468245
60963
979241
204484
158989
563305
637428
706113
9248
132149
130566
726322
181488
138208
508666
37529
446098
440417
3843
412922
846330
941367
851375
818093
891000
771863
158977
301089
118813
96939
647631
197855
673148
493468
445294
294267
736143
930861
853316
633468
74193
401646
908703
346812
928043
47394
212306
233600
838470
67750
315648
32115
816360
116832
225303
107576
779898
655831
107246
390397
662752
978219
323382
851605
119778
349358
593025
550345
474051
96328
270528
18524
665162
156521
704418
167499
144655
790076
23829
638736
335000
447980
263876
926755
181240
588909
747126
386398
981623
490240
113831
994172
704645
85753
901563
621318
295962
312515
161840
38008
868642
628722
856516
357175
706881
572397
55721
436523
848871
716645
703975
264168
296051
101880
823246
671621
432389
625858
685356
468128
42524
325183
89101
158876
451420
599942
887341
749154
865809
886226
120258
196564
728964
870244
251586
966311
329990
910758
550036
881096
804248
248401
590119
838738
18614
939494
264580
680235
706771
41812
378454
583805
147994
686180
887004
85987
800843
942755
67673
852071
448370
162955
596820
575655
512446
353308
273998
728828
289538
385729
75471
680400
455083
397633
410446
634537
215111
497703
694806
824434
453639
892852
800441
730431
288730
263823
532891
196077
326147
539254
12964
940250
240051
151511
992778
124449
998994
331592
925833
532345
487813
766383
415115
292924
658732
714040
91283
246661
154696
640730
237472
269652
867617
428126
230760
303317
574462
256543
66760
498992
132962
642825
877319
798713
947350
295892
676068
519774
188798
237357
972161
345389
597948
985515
583671
475420
370805
436174
427629
700780
767499
842371
698434
740634
4869
520542
233266
930934
746892
608010
281426
125691
139172
28437
28531
224821
674353
248771
854554
584514
355094
444474
906443
852543
759425
790038
244726
269279
458195
808441
17395
83480
521641
884612
697558
325498
136216
272623
429984
939448
682467
498938
985825
396997
376246
963119
191810
861689
240023
394087
705118
801034
336599
429565
907669
421897
133822
342344
822067
23479
736037
46581
389025
243849
617619
292052
234497
18974
892673
402431
871580
108585
335246
133524
363400
575710
122658
205841
606843
404556
38287
979330
655724
647456
186601
177602
231105
506998
851043
512175
956342
197953
269565
835090
388462
988800
918747
967579
96491
934797
585464
147391
233407
916547
878876
475160
982998
793860
296488
953534
606368
224227
185118
114766
503065
494497
958580
319008
641030
93514
134672
578118
680140
187640
309692
162542
957423
605836
701528
234602
872826
254438
536634
40446
154680
825254
238433
529329
341246
626439
660242
933905
395740
578693
307882
908994
504595
944415
205694
878246
321414
938741
237559
28317
839037
171811
649801
982957
416540
382828
966201
515318
813773
658065
646693
391614
457126
178941
574692
191635
834554
728098
547450
537864
641919
627419
172100
434173
466141
665027
306692
951628
88226
819117
237220
740629
838488
510828
649305
205277
522412
52367
291033
435488
299877
29830
873937
895610
582005
667141
657326
10726
276765
610104
43961
833303
360602
863334
408424
943419
26344
582532
287519
880907
999851
607680
240978
394066
743977
150176
136221
931130
659200
45794
634121
219483
581789
15284
593410
93705
676836
801868
258371
259166
374297
139088
337180
368557
948374
28768
994728
308630
963117
955271
884809
949417
996468
80697
852121
32310
897529
947536
914761
814384
610214
926454
989568
6135
730531
694385
42694
815233
92110
639304
569907
862749
316526
729749
469482
931529
406836
611186
285577
656388
798986
956708
440429
212711
702713
975244
732698
925199
25826
205819
70217
673253
561343
416271
819917
363707
553322
582515
615813
527285
729460
365636
612737
977726
545582
442158
381623
456353
850238
316006
348811
837590
636043
114057
764973
606646
144181
50938
62390
654226
899701
565831
492555
366509
231027
639832
793587
535772
717465
354328
98808
473318
665012
418796
570796
690041
326573
957652
204979
177686
35632
296284
915485
316074
417095
229118
73134
739666
677766
765193
821070
509090
542277
667525
672695
534149
647371
444783
114699
240099
307545
120598
772270
555478
70559
771539
145884
744362
962022
877723
329658
684072
171675
300241
841019
468855
593543
218357
309037
285113
792046
452456
469136
444314
130452
679394
511116
446938
635308
245829
249300
181504
830932
752046
896613
906583
819854
46330
429601
131560
147905
468550
410139
754526
277354
220506
988133
128195
584091
685419
95986
836266
511544
550051
717522
941321
647384
840558
266494
227791
227367
928270
554092
771430
91938
924351
434924
911679
471275
741250
813724
485386
559553
552134
187674
486228
386443
344716
758035
201159
60084
247110
221051
191843
395228
607227
149306
56880
450963
508988
724757
772273
857515
879998
872220
176436
167368
725899
591686
594761
45110
841204
645128
442082
37650
428258
143163
410554
47149
794883
930119
517742
412758
289185
18753
943200
956150
431309
919585
466967
204982
749893
304264
822077
123559
374692
296006
164109
29059
539533
983182
529763
826337
770225
171328
400944
304728
490708
479943
259790
84052
4299
805871
526323
222862
617262
356286
549130
753808
300759
460398
400159
595656
611817
851819
254705
70393
659252
902038
453103
46485
660451
655805
434031
23613
154181
527219
244959
956827
64907
589478
930165
47936
311368
592987
176353
948181
657174
856391
213962
785737
621938
905372
501074
32100
148975
734744
171212
654870
499344
419463
450498
919094
49957
255008
402370
14180
567986
661500
382506
780936
740817
820796
39753
549899
457120
493101
92280
375540
14262
376898
436839
472230
561402
520171
184306
605584
17958
525077
311171
431739
295711
879396
396821
299310
223243
535383
653217
184772
376241
738337
754005
304909
673354
12583
254665
179750
714820
609119
92941
317803
461952
717701
967824
381093
212803
375233
614492
881558
426565
143220
21248
764491
964162
583784
64004
892288
215138
31642
409926
720527
302174
211116
53248
4212
87732
468997
930888
663965
856011
861250
650825
236488
787597
452408
301042
769879
400270
358472
126967
370930
847225
984027
122392
380158
39878
900749
609267
889419
524911
593966
9727
985460
521125
944306
49344
711476
163496
906912
492038
643534
102130
23338
756478
998545
150251
655441
837347
12913
340501
740759
872691
271606
378122
202513
701808
591648
973257
451643
741252
585534
42866
250520
692178
507389
849989
108028
865579
824003
620525
906578
242031
721749
666277
208320
583713
186735
220893
995977
763834
394704
894093
36923
197915
755187
676760
917017
848352
316658
131306
325376
974825
617490
53454
985660
75137
313025
307068
6826
756959
50765
783106
60194
845008
824455
359821
574706
766687
195141
958977
649333
741519
707723
719120
831246
93261
385428
30693
140867
835240
82285
129092
167710
750145
558222
213189
979263
192627
872470
716721
869470
942011
895337
910998
811336
317039
227230
913997
454483
888831
640032
331671
24513
141106
289470
33779
616743
707871
871919
864562
320970
868555
597402
738059
438824
480760
883385
346881
903999
903816
63766
841673
678473
610812
622967
302175
988621
515236
655290
124292
373425
359369
307789
327684
232487
745763
452167
237407
77583
408335
601731
955633
107429
876043
750394
400317
15470
327229
559087
204099
911569
835239
76187
502483
648393
484652
107768
502774
202964
780336
26891
30023
341171
277210
84516
773142
168886
17595
433353
41574
421191
508648
707435
586773
246288
456090
141002
181737
391838
606175
564738
624541
691505
345599
223854
495995
725691
437313
152782
643063
324994
268569
512604
803416
681611
841693
791508
16874
592051
72282
307136
93723
666437
945259
331030
848155
878422
161710
492907
740159
752647
335203
736492
480863
779947
964589
73303
816015
182773
235170
925340
726501
90716
910443
540644
81176
295339
421061
280508
200955
117470
730015
592309
195917
420307
159524
866810
815214
786440
507548
637291
128098
773584
898088
237094
119727
4706
745390
896068
931689
500502
776505
28618
799202
427706
594832
690148
608063
491847
235784
888222
278804
963217
303607
540414
472062
725961
2114
422156
819419
228386
447488
268533
351405
210003
556553
964375
169552
989389
523232
546910
225795
73069
440685
14589
579786
172612
565330
814698
741393
90634
816924
209636
770918
933404
592423
838294
698416
963219
621598
128475
97234
432247
96024
105030
34708
764948
714176
938462
821929
246750
175997
715864
912648
974540
987183
21591
99482
315053
721836
621542
894020
399623
69835
299097
469117
379447
621116
952520
843610
783602
110117
469543
688891
481900
318169
269879
27503
668456
125907
607274
598550
922460
156630
595710
471533
873719
527937
201432
75834
908087
760996
527987
226099
320674
576885
45266
55398
851177
117192
558893
453666
775103
497004
169336
844391
581513
618184
670593
138964
507760
432338
751924
443173
932923
201741
110937
697913
126496
139999
697483
991574
264179
7103
330595
545185
174201
960074
926653
58283
252992
876416
816535
763689
773472
649062
517337
55977
965597
352502
544032
576935
89804
543731
136226
847667
310246
758330
413495
697175
460539
105430
169429
414077
84929
182873
205075
287255
134446
810083
483498
198307
654917
461642
737177
774122
860410
166679
364159
137679
840109
727857
51270
683909
102749
834951
441551
269330
434415
517305
552010
460353
377249
976470
90114
487601
188155
823945
253944
177448
64489
474454
184907
563232
273419
461712
453810
869096
634039
121856
373676
77374
859582
148754
518369
778799
111789
154988
542567
657674
740643
445733
940181
416221
217879
916053
515231
2910
642960
72281
924998
619156
599068
637829
478661
140996
699765
922762
504391
193802
908217
648003
417665
774474
997021
404291
861049
784218
960885
911561
317592
550851
579107
872011
596610
959402
602913
29674
977343
594222
520513
750705
481997
775992
429574
549894
514252
787898
322453
603617
919677
637288
74722
852205
293042
212598
525903
104909
544333
769838
568475
158496
763259
389217
238222
386802
429692
519816
444623
624265
434382
923320
871087
124735
651336
366274
210480
125809
424196
211868
187726
985893
975771
100269
822948
988071
986158
29717
146966
387061
182733
340777
703706
238240
512441
342032
246055
819926
877771
32778
583567
345538
600835
492505
943093
870443
921056
452047
869832
46155
110769
723237
831022
889409
906642
375782
224499
508399
796470
186773
114923
121215
440248
953147
201253
510467
4450
613790
864041
103805
379894
931897
110722
962122
167893
18570
188273
195035
792550
779096
385233
444736
737714
428008
221230
53372
464062
270292
759631
644249
421312
660579
99552
447075
73801
447719
124509
819143
176345
808219
686493
536460
499949
990505
990834
885415
372144
584675
700074
514655
594352
457299
775203
71303
700701
623033
627007
40201
342930
981296
119853
614139
115824
233945
933039
393162
384027
395519
431836
14261
178722
147282
229348
839547
766084
276058
896947
830652
618871
884739
961023
540622
334071
952155
868735
851851
120361
793983
869494
736333
270852
953623
272017
949582
536801
997427
221267
231955
864696
773687
378724
445924
236193
732306
815043
225461
22042
437857
191116
644741
615365
129894
239650
474931
967465
486736
570031
92906
654504
5906
565977
748763
714902
178599
351186
811225
63360
587238
905688
972825
699032
372448
483732
506486
904394
403194
750035
91023
147147
434367
499650
16872
141325
926269
496947
630041
990771
839692
323232
519456
96288
106736
503579
867747
289860
179940
187242
830693
7393
254573
666361
82948
733647
237818
577485
533169
54241
686361
92124
375430
523811
570840
99280
187650
530445
690083
573992
583425
364849
266168
777522
392205
578378
287978
590888
459327
802896
197970
943366
98469
537339
468264
943499
789077
563794
433003
195782
1491
694969
966260
177304
295389
246332
433887
88624
275900
653060
585494
329017
988358
846235
623190
58135
376102
278224
843130
450936
151647
189741
579883
265033
651723
397184
705471
939795
603781
758663
284787
514856
779183
123147
843265
33419
761071
653965
52829
948973
169436
254427
453302
100883
733492
415530
427860
395775
720217
369811
210150
322158
421773
105872
981140
129879
618890
430341
154436
897331
347209
2060
379920
139413
962432
601595
777283
977357
100344
960530
187947
58826
707228
654672
100325
5868
141551
743603
55083
728302
685144
672095
37074
494030
999685
218299
857451
183122
157468
630989
405885
879561
714212
310804
550868
378547
161109
858057
269253
619139
770465
295211
537606
555745
76096
637459
245728
723512
283357
610820
849154
606512
405766
90085
920810
802602
19621
557714
579260
208536
261203
760586
453425
541813
671619
991848
722577
453953
336336
389383
70522
755328
492842
61356
989840
599544
507627
846171
561787
139310
584404
613476
295259
820791
191449
435188
424100
606536
572350
42067
171432
947437
45037
242110
760828
47758
367784
652935
359849
312325
872363
691835
347717
530612
753073
752294
354248
733177
71206
844351
647050
793883
854965
553386
393866
722568
409773
226929
984097
190644
596653
918868
141315
257350
490488
2450
143263
5555
764639
243279
411248
357687
128240
287319
927764
294817
468490
933398
880162
924002
564255
913430
574024
323520
720544
271944
93222
871671
868445
148314
24260
575199
804388
17067
904196
225227
237211
741237
213351
832575
389657
880913
262563
945954
231669
126101
545408
553935
91980
78444
838138
915584
698644
47657
810214
831477
37762
393303
811895
234130
279652
279951
878532
837466
179912
961328
226196
675524
423001
355343
214166
359346
102505
790949
449228
577209
968221
420946
736006
224838
12249
777060
107939
109915
783177
738480
427938
238611
446014
619643
118741
551138
137088
975449
246275
101666
473196
642611
862848
361618
960012
740643
806647
54512
418799
980218
772813
157381
191273
225209
531421
407951
281912
763499
519085
684967
9961
650251
644257
738110
893538
502793
517857
255080
892993
250455
242399
64207
742364
780007
153717
432317
737477
888816
907203
99485
107353
487957
889644
583342
327190
825021
69523
605879
926956
215355
294087
815726
855548
146297
89055
899346
735562
336607
372050
918291
110554
990616
867230
138931
282463
257215
138327
29517
294984
500816
289162
989987
585033
93177
666815
899672
24264
347812
675795
433232
747909
388103
454404
691109
634180
593806
273274
658466
970630
136740
57538
423975
341778
591008
924859
487590
805046
554743
839582
691387
45839
453611
520134
399552
631057
731482
835217
208586
418695
206789
833235
118446
355447
656609
972243
439158
956171
399479
406312
204404
469991
298246
455357
80267
397637
26914
669034
756209
866801
846050
334855
570655
104513
477241
866655
793988
485945
279382
289481
231718
681596
430418
162237
610808
273738
121019
358393
304404
401917
766382
235634
6355
185514
260338
23591
935927
300371
104793
340455
769970
140673
742735
963894
812290
36195
528855
786890
419581
636158
284353
728959
765059
864964
328171
119177
549565
298376
776623
765959
928950
270524
636975
970608
382157
894373
68281
739980
579327
108760
219386
982982
185753
796288
746357
624884
781566
26796
785604
671023
478581
771508
675597
977138
885270
785073
410960
789565
371618
198782
742717
24115
672066
578793
441141
689030
369268
815988
462670
732016
1302
723619
686951
143426
487397
268477
247477
544378
176312
625323
444929
34099
824979
678788
653788
506423
935269
101601
437457
594883
186577
522514
634784
125736
367418
976551
162170
836932
353896
703930
185122
971740
172422
521552
48010
679511
429926
19437
286584
244778
7908
375782
423533
304452
566126
990011
759114
518749
488816
795892
912722
808325
214195
887025
619530
613852
297750
205410
771100
437581
163470
79099
715507
53572
559988
748262
88532
650782
698991
831929
498996
824006
668813
538542
682022
310806
343468
821585
574225
442612
856420
13040
732524
401946
704593
51651
562161
526128
582308
107716
389206
152382
988251
384159
208397
729419
107799
556421
846252
992384
540152
721468
604374
775907
659752
846824
638828
862184
33113
37788
180871
452296
268426
565716
904178
34124
369597
79936
639512
951403
971302
3128
904026
807609
936476
158629
461125
777966
873458
839834
946534
671069
59973
464308
890631
265175
88101
960514
276188
738280
289678
185908
741113
622456
312753
275758
483192
317727
892945
481995
185896
394738
770113
710549
458861
509368
344939
972888
161589
444930
980216
454838
912670
881731
136905
992638
320441
100465
745717
10957
674931
433503
607507
882254
800108
456128
564775
628161
915768
199173
13319
396351
467984
466117
334899
682607
677455
980427
281397
755873
251959
559758
645535
106897
974703
440173
432993
559963
941328
567483
919367
192287
945769
140068
76123
620324
165041
264019
987756
610540
461735
186135
700306
408188
546676
173225
508840
952150
439831
900743
550749
531662
256227
915698
363453
283828
609226
43990
56636
988664
953784
253739
395484
231031
132622
882314
633971
865146
635110
550099
640641
192982
42521
496199
247896
320648
841041
484428
389548
597656
503138
687838
605812
222641
723065
758816
478894
465992
291716
871673
996335
69784
305762
688731
180318
405263
960570
146034
17245
520727
71375
89051
162027
881181
687387
64715
964829
392482
175102
970896
355007
222322
720708
976401
236132
382626
542808
518801
44384
177672
304483
192451
782409
51620
552385
751734
996832
290001
666496
214159
107611
178869
74905
790117
585176
68648
196420
649444
209117
797750
908777
832166
17984
61968
143861
254880
486376
935694
275458
502616
283892
914494
200861
68443
361138
771025
867664
151949
772175
295609
321632
268205
407780
57497
207774
581284
989656
280045
948113
194112
570888
104494
912591
254535
385556
367749
134881
840453
359196
380070
887085
99631
140309
403323
884436
127420
777926
60970
875947
548916
390437
61984
131506
338080
600697
686007
766149
978888
607958
148754
987128
606634
126486
851230
649614
764182
43273
719121
56295
900904
320783
419812
817791
812710
981852
620790
241031
561656
948465
204754
574036
417325
849211
753026
993613
898511
422699
957696
389314
935237
750437
714599
119035
689874
726517
912714
641265
869415
156669
993904
659540
625135
723555
645730
887944
656879
985859
368084
80836
215544
529825
325358
321479
782669
849416
136210
340143
997118
8965
997391
864065
47145
818726
319423
369354
810643
762923
