432296
687054
133980
837436
907000
526116
882185
226438
618503
927610
872335
122264
816746
126738
723112
147318
91365
206397
931705
957058
532495
733693
413664
285812
317588
319372
871718
545429
903417
758073
728054
26560
493017
430322
743428
364089
819652
94767
510334
643557
308410
312319
445954
909075
518669
458671
349853
440499
643477
852295
270750
632727
753903
392592
892901
609667
506382
425191
948934
691273
269409
79300
222706
780044
301664
241714
319358
30228
327345
837032
868087
632710
531934
896520
848229
667480
918140
557035
750905
408210
939642
905063
711575
707589
810520
182055
466312
843838
699515
276858
222671
869981
482516
801989
974400
501022
29484
577641
825603
357549
466718
700253
242227
984548
836658
20030
556315
432653
243861
353068
561187
325083
615464
632427
430109
578717
810112
602592
555015
273914
672241
