421322
466488
460
258815
475700
714147
935166
337009
888839
378968
448354
905058
142463
263606
569025
537854
132356
491697
125081
822036
17163
236883
838211
632519
262341
960578
560776
372210
933260
781941
20450
846502
837583
421715
162467
686690
372631
646255
480438
92989
238742
985298
351416
636128
275026
622651
951192
439367
97386
689446
517207
623884
465790
118701
584212
413494
742774
757347
944464
503598
808952
974769
565178
486888
473788
707269
559737
326158
187100
313974
160665
783184
917853
673206
425073
920166
919521
417914
101934
90025
96782
694968
145585
481353
684648
208388
405824
787215
815902
508902
383864
328483
713070
161622
633638
737008
56544
479449
369093
927128
293670
362784
614046
74479
324132
600886
383883
846745
393107
405209
759547
858899
515992
27566
710333
367012
136864
238288
943723
628647
706822
619681
650684
754895
896077
680511
590650
342963
969423
962431
698520
783722
922707
447604
637535
120580
774226
156674
809590
319660
523231
199286
452284
824366
53370
608466
737671
916073
821629
704354
835219
69318
723365
113450
40481
390329
505602
321164
136910
269454
602592
346542
534365
762346
228302
576440
747021
434538
479752
806560
607862
851843
759746
263556
273507
686977
907911
867026
608349
910632
81514
93800
528453
637256
869748
846813
858065
674456
59551
417589
273921
734350
536369
739537
945180
506353
960174
591753
446039
419713
146608
930920
148427
82991
87701
214964
927958
898596
130278
729067
109391
876165
267012
830852
292065
24515
520369
383084
432555
460670
699456
26329
869241
317603
653662
833002
496889
286198
269390
137947
309670
869909
290278
751644
843216
953781
478340
193174
765403
272092
102170
457951
441940
645139
494440
777182
327210
906293
850876
594649
176562
236069
441875
822208
426830
760974
338912
627587
125908
617272
140844
73700
386891
796902
794045
217556
478236
575245
517279
869309
610235
13421
234077
39505
218855
343163
900354
886595
589574
418626
558535
79579
207361
51957
656686
128495
520227
264557
6671
517238
559437
469505
414563
675314
183717
108635
334524
179160
268097
982170
127743
339485
805793
605879
828733
457945
747175
510829
59329
101755
652453
440171
325380
30824
480347
910051
741311
550158
754928
412610
136544
139661
324326
95304
70055
837762
393832
28192
681523
649815
266498
847066
303838
572058
783920
979908
13881
85
210185
778179
493967
460637
906408
987447
88472
980495
675882
977040
924765
720596
810008
875158
986716
425756
927813
91029
768331
414535
532159
360026
395570
899234
191094
698024
457877
119485
625541
687974
393325
929426
820516
109289
854106
423643
301488
632361
391517
417483
760741
520808
444973
694255
733354
462998
489532
597788
848492
283349
68080
275055
495529
769614
210933
490194
838134
652731
232733
470152
581986
429143
355084
816858
377814
747348
773108
225216
560390
160167
248583
749739
716115
980426
201942
640857
707042
659018
374268
658968
147968
175612
2396
293911
393627
792114
422163
24962
853705
222525
488191
214939
483087
687428
923165
744404
775264
685961
851096
516462
397211
50302
926079
371164
715231
969882
172942
401048
112584
854701
444810
705189
129039
387826
573355
245652
831317
286307
58502
670645
926814
331480
182196
143101
801752
623976
603844
928254
566046
677894
382763
305427
242362
882891
809721
17558
12633
470243
252471
596402
682708
416894
642251
354437
502133
313254
374064
506404
486340
558793
969805
290421
532303
371812
169626
208048
14996
953195
638500
424924
543288
648747
25827
864473
695975
18412
54091
480364
860121
833522
73584
641544
273936
751705
53749
938268
45234
894618
941219
781694
516584
313255
457866
656306
844292
455915
636886
250190
373839
425394
179064
516455
218017
385974
391676
401990
77798
121550
642719
47848
380848
859135
329731
412861
370265
177370
964811
430988
441811
741688
804116
806361
570265
537745
671896
103412
597922
27848
857060
928607
617654
542314
708472
269865
494185
627804
455625
596827
75762
135088
782402
800308
248417
928670
444514
69704
540977
890811
945220
391768
122345
107591
720031
696755
35219
346321
158527
851042
778314
539423
519140
285949
202155
220184
408351
855152
813255
283431
683427
531633
59980
374961
414792
835705
786365
580032
643929
460181
682991
131230
918303
597767
782800
731980
580743
788360
144585
382439
429133
156319
617744
925817
476778
790849
87382
520672
691420
747463
631575
583637
429815
782744
684810
703467
672244
646959
797590
671057
99226
378006
2792
428620
533909
297508
287605
429159
657372
706344
953199
407825
688851
708436
780566
338172
895298
335293
389438
534400
151388
13831
294674
430746
620122
467110
49341
76523
357643
501850
122884
24653
65218
107835
96592
542349
179992
761491
684870
216395
531707
453904
28169
431459
162767
862814
771998
11972
386691
486819
534477
453720
68764
537617
799682
830009
126140
857838
887191
146724
768965
282403
983642
343420
212606
807552
96259
368708
574257
954559
6671
39948
666574
233524
269231
453373
704428
999134
356606
150204
821261
819690
526497
70542
536653
137325
821396
781629
711768
662376
342816
466741
139507
748936
818154
727321
406361
517585
744971
30757
221209
991350
15257
303763
386315
12974
802087
807114
666264
30402
223995
236147
882080
329159
522107
326724
110843
204527
436382
479452
523174
858417
608647
799363
724783
184073
267830
316100
393024
592106
289788
952609
607650
555228
579651
596900
157760
532556
262829
719468
448854
341341
925816
272576
708999
994181
854986
849060
153408
71051
875459
71823
621237
347062
596257
49020
571904
89204
267896
118656
752491
887974
113959
536603
186371
36945
384626
545931
349837
210495
519420
323782
231343
264186
856542
33967
628905
147158
631714
9419
752466
649878
234273
413014
161815
462986
734054
872515
121500
282898
638922
189708
906499
125173
609048
838430
724299
562634
716097
164164
482839
417961
45720
417188
819141
901905
771626
855085
776830
9016
307770
555338
331630
428199
536458
308206
423227
517463
938365
478772
783041
412979
8828
112426
206541
665707
787657
368016
748358
866361
893817
544030
306338
867343
762296
646575
236425
835318
683984
101308
702188
277846
693277
875402
682772
90300
491437
169753
925292
64179
488787
607823
887842
420059
871779
582667
834160
560931
212447
34321
94511
522324
260951
279345
251683
143903
769077
800181
675905
248998
203604
996005
266211
606383
548570
836390
556518
59542
356234
580674
930522
659495
56765
781208
775128
215114
568388
988362
714014
619051
20689
594184
986345
24546
584773
662943
332023
356315
687019
872996
642211
719792
272517
450029
834118
436275
192925
201585
505842
580204
539485
176608
243946
975246
27125
439365
268922
687944
563044
285485
847062
893309
395381
803802
906049
736555
417372
593274
41965
960482
99910
666245
476169
688296
469847
289855
441047
928879
850954
428306
579805
231926
256422
978825
868180
800892
839748
389739
164012
666160
404201
967977
328063
729999
959072
825599
139880
873922
958749
288859
535514
788455
390984
472476
795180
161775
679147
166454
529336
662946
473568
983756
800363
681774
667545
323714
568657
652780
271046
266538
412510
49673
688252
80028
254807
758673
154947
247674
837262
152088
787701
935571
895562
84676
568918
525529
853469
742289
942847
566022
661403
89471
915241
971031
964195
456752
48255
236519
984631
748252
356702
92663
276326
873490
490478
551832
348028
843938
602295
807453
113824
939100
434771
754418
435474
348336
174449
843745
195693
308671
981586
938021
473684
595472
993498
590963
825196
727972
307272
710295
979621
976424
398688
76860
504889
331629
191975
478171
749392
97715
693817
720690
860182
473213
625577
359844
60347
194380
752659
263845
761408
701189
213185
196784
311612
270099
882880
858414
953240
993105
64367
905933
372348
871185
474652
993872
128893
132078
715872
393937
481899
370639
751867
64845
630049
689742
389962
971666
562155
935413
380245
753795
333020
522956
21940
999781
60940
46191
59278
42596
651422
409815
842785
696673
222163
255265
291771
762679
715424
663985
21012
945221
237533
527701
119290
63759
467019
363340
319660
972543
380559
623477
580940
102361
332162
835641
918150
607190
369502
829360
922098
855530
581654
864960
769818
418781
89534
93610
951218
433360
963796
802348
495562
93885
578678
429636
244094
310926
341534
71592
458122
41960
760196
478428
394558
916856
787341
317047
608437
219760
34653
339067
47677
790714
613970
959662
87972
106760
204670
989815
411131
961573
6912
736890
411431
413012
571434
585265
999221
721332
775055
874835
361223
922171
486152
332834
825343
931651
173033
110265
600984
876752
576298
400378
682241
584844
85225
530832
7764
356580
157284
179297
551334
534361
843706
410661
278914
742114
690724
862057
593007
540969
71060
432555
438821
761431
120719
666674
751428
59997
418321
496424
853290
666439
35257
613193
769369
238977
659141
678900
211649
80522
188986
501930
984072
69756
309240
915563
321918
650805
165116
847879
514303
740
374781
526751
356925
566405
301476
998266
156371
856859
582186
198770
433981
939259
678681
759221
931269
871533
636938
632072
314695
155191
892458
126645
279110
783645
423434
488843
733604
579998
628780
438770
788522
184661
199320
255801
937213
239904
652187
346147
563354
367715
400048
17424
57767
119422
423221
739184
965795
209750
529313
38661
948454
966573
743480
86648
378031
312199
627880
5602
370115
742071
839389
259009
692422
518148
945936
841440
61822
765329
282900
822168
626693
872137
868720
874978
322291
697373
53205
917358
218622
850519
695557
633025
338551
251975
238441
480794
961021
235974
728420
614657
844425
339554
123170
20111
153722
449665
619821
879858
387944
697225
524601
368341
989612
558376
365857
193737
572353
976906
697341
183939
236943
19614
629208
630705
928420
548324
461164
531053
813694
326355
774196
939225
892822
643653
469368
37623
357329
76080
662362
145234
741779
661095
177645
799773
491128
552053
391959
845939
264082
417703
884353
180211
67259
961446
431680
284293
974592
431129
600751
488454
942594
782908
614153
822992
62137
366967
613506
871073
237281
979257
712003
352182
753087
524180
559710
554096
28601
556617
755031
146208
251324
254150
953014
701601
226458
389401
443593
274861
696459
358246
510940
231714
26774
194253
483677
15280
929132
472
278384
882358
305801
559222
677783
643400
805671
651881
289091
556747
212374
65882
154620
190037
709383
566050
910139
174679
985484
126378
345779
686748
532513
562311
107881
843787
109610
622760
533090
865574
218544
2605
865638
708966
603607
398072
619864
83786
840768
888584
481903
858115
449870
891269
359223
430869
669325
222683
797282
309722
747836
64700
404590
482558
171928
261538
268163
331117
982886
180529
45951
799866
289125
43440
314880
567890
579559
836926
704036
102611
500669
593346
100101
552846
415848
94715
183605
911879
24584
889572
729036
452332
51569
678621
317760
270090
835565
631748
886262
178869
605543
782100
243551
226287
396170
18018
434545
83606
90644
489844
16667
689402
227952
211356
996914
494694
510435
940344
105785
997929
957006
166813
996154
2364
487016
31624
366974
659034
952082
761558
173813
352118
363135
67036
718967
629364
209742
883309
578381
850583
620728
255035
97806
698605
534883
633392
738980
204109
284038
179323
687231
666154
978836
415921
854300
505760
984080
554766
17585
110995
224683
757738
379288
358208
287616
623564
646222
151114
501554
634615
379725
910817
898842
343147
111312
301572
323779
889339
262868
843144
43274
228426
172956
510852
286137
649408
130628
127139
381846
617034
702367
999007
149545
767959
686249
316637
756970
908261
150114
418764
387597
697436
388354
614213
237694
441572
179492
143847
146866
470305
25542
69123
336210
766552
999519
468701
612159
865194
731730
602592
966925
464192
431222
259661
612541
400896
648484
28391
21199
330818
859897
163373
307395
697220
408546
481778
335761
645441
225081
394640
419472
112646
797733
695877
706373
332048
830308
51268
602842
980667
273347
475199
348510
920600
905806
51891
427986
187509
392371
536283
826062
563470
415115
312830
241096
406605
94705
758708
582662
299964
555250
296246
750969
940792
538192
58716
809005
750355
587618
643022
145654
32553
400111
728838
620490
943761
702680
740006
592065
994621
410442
711493
155136
160756
974675
46486
459898
119629
851566
986673
218831
972786
212319
249666
833734
629055
837816
560199
695038
95817
876990
249493
183004
865339
761423
588908
644142
361625
86707
556662
393396
311021
383283
60888
925721
490761
926019
736884
636665
985164
653255
855460
654153
817141
157051
802075
469003
462617
322638
797187
879796
419545
5426
159975
839027
360669
422531
591193
457730
993227
125836
399404
806389
415289
592676
662485
763598
984923
855760
523258
777620
723309
887831
821742
554020
684257
394312
758381
844302
425549
281585
49956
163293
341354
868596
686195
585165
310373
544033
285156
502531
221040
998296
390731
74794
591732
539462
229517
55617
709884
802542
865136
114235
256668
641035
692225
692240
460336
176064
440861
284428
396800
702717
623400
111306
808445
486108
636449
484746
297163
530998
103773
870136
63887
609269
894794
543960
123211
914844
306211
15051
441359
456850
613719
517440
656447
536486
985191
977904
912833
673944
411918
329630
481568
878892
62485
883172
856352
275672
471444
716982
343784
200814
181480
390868
454794
471167
946221
506181
772569
72342
799783
989006
223938
653588
352328
781270
273311
11022
17350
991118
185455
786575
703834
675179
264529
288768
663789
143399
239902
255268
108003
345888
929022
241242
335634
703366
169093
441866
974461
698250
920928
870164
446497
770038
802993
409796
136591
622626
715920
198287
862109
373425
617847
649503
816586
89683
666869
646445
30852
151682
362657
4995
158918
821543
493317
572291
397405
486774
894928
648030
867192
589562
703716
127102
422881
17112
660326
965176
793711
588835
702367
737635
207256
23931
913290
942873
68996
710467
861977
800777
441656
974567
117741
852206
231272
133722
460793
391380
281157
475963
339226
327735
368841
105093
652959
960711
220769
61544
548663
738235
128908
604794
518456
855739
609848
326978
986109
423121
225466
954492
17468
455393
672464
840318
939824
708917
450971
324892
95793
674163
451968
787114
84291
576176
360985
151372
530801
936067
504402
339581
361943
425671
213563
478310
413803
720056
862587
145774
815491
312914
659071
172865
881974
341335
846272
367980
869165
310029
599674
661765
195850
267897
286228
135896
583634
330622
186180
897509
787636
405822
608344
860216
5171
836074
710389
474403
619732
107036
865222
461176
96777
868726
748668
484142
388745
881995
582206
909876
524250
402036
740504
49361
714624
880067
41136
152203
837267
927276
606506
691079
498732
819191
738321
275909
926367
577605
773877
266606
773459
732018
241835
707952
442390
614370
142167
486644
129553
365348
216992
862464
189717
399037
960779
353082
240774
418718
782992
311227
408457
807607
61831
618572
28468
436945
445959
338519
402206
893349
93143
897784
585002
327483
581207
134652
777713
538794
69312
388293
253784
377071
773867
219961
359325
880135
459347
774479
207276
529736
380002
231185
444348
313675
406367
809666
314789
875359
955875
540142
680825
726159
635401
906672
786890
381833
694199
920130
575067
571410
759514
496867
707231
860132
316939
388076
215191
739859
344767
525218
119823
852210
878911
271595
986452
634522
445906
138007
212964
653257
939695
718198
149062
428340
190890
428062
134650
646059
699072
384592
27848
707508
620333
747671
230687
112091
306387
255093
725642
832393
31018
885624
174203
535946
836305
252534
471699
163762
518045
661394
823044
912200
869480
179349
11420
700535
957994
833449
850558
675464
348920
595889
422822
440180
26438
815848
811492
676952
431564
311447
127279
720988
993180
416686
53924
714673
633129
830406
202960
676386
530756
821766
781838
175330
1206
523106
616114
578220
311205
273434
52875
600316
5006
371397
129385
601934
924918
760439
48453
604074
658978
194547
332154
206415
668764
271835
522421
103260
773676
380852
927882
328188
95051
199025
164957
842081
640170
537735
661958
269595
542421
928283
322883
467896
517373
491156
333572
910327
3679
677238
769133
187220
700443
837157
387864
276892
290748
523896
94468
668901
909302
297681
721489
182081
4125
472406
832468
409224
771248
805016
776874
379418
285569
295583
638057
895439
990985
513111
686143
547866
974634
240305
781061
56785
798351
558033
884869
846720
74437
510487
41203
783925
938252
567953
826782
933827
373347
123256
934366
768
217242
17269
631973
607205
57822
421181
342015
151938
329653
288875
505654
931669
768553
938596
604580
552285
83940
940651
920306
293477
572892
16790
800248
390570
369586
316542
500407
190969
953199
720500
977779
464469
206571
410002
449613
505572
699148
120340
726941
165898
192974
909183
318849
349817
966510
168115
81083
819972
856332
542685
310974
896272
518501
190144
720039
47118
420883
779959
162956
616034
791913
773161
235179
127456
120995
467574
495589
423652
664928
579380
80214
830955
499582
62261
104351
183050
258263
535909
210363
721391
324324
639136
666889
422527
325846
635874
697835
307879
333002
103734
398258
623480
887159
549267
326714
567038
282627
317974
298197
891539
65845
671616
48622
261010
814519
635328
606804
494357
570953
160821
366927
608534
998768
13340
946228
16144
666336
1816
309062
827862
989479
602110
653543
252033
129613
942585
831109
162019
174870
836516
229240
499763
877350
553643
341548
531720
868575
869677
818212
106685
785192
265717
983610
344777
948159
770448
969309
212173
439031
914495
543564
53715
156296
257184
939254
206613
518129
182855
21985
56677
528442
632681
680833
656815
845837
989449
121061
214490
11049
271362
961253
940971
797892
367052
311615
488855
680066
429391
925209
696224
928060
183061
338203
491030
10562
977814
327544
559323
333101
123344
927202
261264
422139
697154
682828
824519
672992
754925
612264
538467
77401
371663
735166
959359
405073
184872
332039
393914
864302
245015
463153
211926
180201
627737
61767
169512
822824
493287
205331
210949
955752
721263
870440
66806
625428
516026
879104
641878
34209
334621
365235
886079
708640
808406
339599
595903
238565
206075
360530
170626
25489
465665
363119
78509
87926
323324
601499
696368
825160
306805
703280
538825
345148
552084
467030
785827
607116
816349
927494
779442
210746
423630
947285
940088
638801
909734
459194
234687
885588
471828
252966
247153
115512
563359
972033
8350
428929
903082
376753
87796
186273
807793
50505
75338
762543
436524
531823
390212
340106
434937
876024
23604
506338
13874
206093
752779
45748
551828
154605
190156
633436
811680
187256
339986
564769
755603
233028
1561
72243
551042
670519
283430
527769
599512
547594
613879
732077
381841
815052
562113
24685
266659
32402
439092
457542
709397
891351
898324
980170
921193
392692
575386
317051
56403
963202
937643
162274
620006
310792
93205
462564
896356
617025
533975
416642
428030
356097
385042
812869
906760
982940
187272
556540
98430
128766
299015
477118
782025
542529
322349
589905
576599
910490
206405
26665
157421
92275
322866
685092
187294
910341
335891
181432
881046
146729
559053
401781
457952
182241
964798
877227
463892
286203
736432
446194
383599
898096
886155
748632
542023
521055
830292
784635
191878
306013
893344
570363
648976
480125
348132
504074
343613
662236
430032
389360
724526
689207
339044
955305
63221
730298
896734
681865
900298
541935
800779
855104
522918
244217
674060
701455
792827
804844
665983
8857
761780
935535
315704
17578
610261
491676
577926
834886
182748
261118
993753
428898
19360
663250
920116
300146
42678
776943
321256
665122
33205
257160
899141
512015
399840
65836
133682
792435
393608
794008
657532
522225
616379
960418
576711
672574
740352
498511
651953
819003
49709
541100
639605
565046
733610
668622
672610
923403
273618
674517
560405
198117
566734
103176
422523
383958
973327
985475
993745
210029
262601
313245
525318
27021
338411
534043
119933
321321
322359
325888
403379
287522
87367
989833
856534
291121
866298
9762
89189
562407
109063
569358
690697
450857
753091
26301
615949
394804
618172
457372
738532
778005
747539
242987
596198
818030
455412
626822
521347
970889
665791
537235
566973
332533
198072
30690
92023
55324
283656
93225
859793
237473
783666
298572
463847
807484
611445
810580
45135
848742
283507
106174
810597
282214
198038
978418
351050
668830
985044
566573
521993
660782
732356
756076
611513
78903
517037
568524
593803
682654
661650
600951
844967
78881
109492
654262
872736
100612
718334
815977
952236
870529
284172
522733
689559
277810
91747
27822
601814
309129
912157
478646
142258
979589
852222
402063
571875
17130
832089
927285
99537
632248
685518
618576
394949
618214
513097
168088
836783
80167
280842
469738
486048
40293
23411
734496
229320
772017
371878
135048
2787
511837
714509
538627
743131
319211
396157
734423
616720
331602
292827
207019
604663
389858
500741
512420
272495
728427
253350
36072
675600
393767
555692
307697
238005
219379
224621
195894
189255
165778
539789
401513
299798
241043
349255
558413
908435
660894
152757
539847
242789
701745
751079
66141
243864
597194
838397
718586
758054
239934
386161
156143
719518
502898
552714
278919
576384
132976
610338
381847
836314
549526
861718
510734
259667
261656
831200
267933
167071
340528
591084
92783
115371
112713
530061
824659
674054
419267
412267
233762
533282
285606
473758
778550
447426
598643
529361
84623
341958
436074
607620
949700
714215
695228
221577
621993
212764
636679
919943
188955
465674
967406
938836
558567
148880
520637
650390
709667
657185
526827
100261
696303
438737
42910
49614
805856
917102
569630
340103
560889
401298
730760
194707
406027
147733
783548
428682
65250
731138
403139
221714
193342
973029
955601
368792
794405
649389
561326
403453
382059
735144
174962
161125
703502
579560
125638
283973
674755
509298
251662
200944
664719
307185
763878
974948
836412
461312
829745
399612
187046
235690
855306
174449
630147
708013
115305
454995
373277
372030
236278
9570
363531
466243
242499
774175
72779
518450
82450
121318
541889
797694
860119
511070
702690
471057
153992
671556
88813
902653
620577
559199
521171
897927
255354
903988
703145
107883
31485
528846
521483
495636
894850
12333
935147
4312
112398
282842
268909
593898
593944
609875
181087
380292
322606
366971
847867
421544
683191
202162
723237
713921
591142
797904
167489
320306
438005
763711
812269
204563
890732
980360
229629
993293
863671
516124
421056
522079
74370
957107
559576
783390
813023
125316
146836
327312
223847
875104
602523
222923
656572
596007
798106
578487
410207
481942
340866
703273
937755
46669
501219
840297
864731
735309
307528
428840
94054
312182
821309
681534
148517
876103
800418
236945
13371
482453
197207
409494
760130
213805
179738
29959
29107
5122
464300
245744
149911
926198
160111
754762
757142
286061
45189
478190
557971
763159
396221
399992
527316
189084
448413
554753
86512
855950
499994
642406
54992
471164
543981
350456
962143
781330
829082
243341
965817
796929
533178
253667
564019
985075
261249
140878
764484
907406
95181
29957
746160
819279
70192
77765
841383
612633
749487
959198
495775
867355
699290
831163
806647
640767
710359
745874
896569
791834
442505
630694
360029
194602
450638
389471
642137
597794
245501
762351
653546
422062
312521
124176
426003
962179
859964
405647
733364
921165
417
9780
778523
401325
125220
377267
479593
307779
159589
815087
540176
111465
242513
469261
464931
483858
844343
76557
489351
100718
969801
509473
952152
126685
715908
450646
47270
750774
666147
775217
635234
9474
203246
110260
198159
149214
712465
499065
266954
45136
669198
390124
973235
822058
853775
126379
318253
668750
278229
783956
182555
455437
713076
749626
610173
378512
411882
663023
835642
768433
286402
499023
465284
116286
850796
210555
826577
936943
568785
307520
781555
428513
71730
142276
916605
249962
23670
213493
445847
822528
851241
369093
733389
202134
719776
349262
98223
235700
21612
217851
41141
575375
24187
666553
918778
478358
708687
602045
953014
216419
747344
831242
522661
419088
135729
320815
422437
716445
429823
295865
479372
574315
651887
974116
519304
779736
407969
419475
20226
267601
615569
660701
117106
332125
696733
933077
590029
528183
68054
991389
279267
291888
330723
226865
120567
545080
149646
548045
248626
620905
105267
854513
984692
98248
468674
641067
974708
860589
545728
528083
357618
728983
818209
604135
139428
239534
8390
808176
769129
952743
933870
520172
836627
14617
854394
41401
363871
196738
118100
375518
128351
442379
481889
345
552704
653785
622584
543592
356253
55435
435842
442697
817949
427780
461653
455090
869632
757391
592580
469172
944734
916116
621919
642084
789218
49130
876937
213705
595387
343937
970158
658401
921209
951470
248124
669871
39511
788810
61233
735720
150566
859213
50061
927473
453652
271420
506484
220344
134554
59028
970144
442558
79935
286310
504514
711800
731888
485523
885965
363775
897984
963360
737774
926895
67432
580416
650383
504303
976840
481610
6143
865981
56506
645316
794248
992948
794614
765537
932474
151109
558121
242657
907573
185780
86846
880220
461109
826523
969503
953711
740648
650790
691032
607934
559029
199100
543736
206121
210680
567575
881606
173096
463860
358053
296588
596571
770390
485458
718280
750763
885638
478485
453139
670978
493883
977133
527454
356920
275222
895182
28689
369291
984319
377047
990291
989519
50900
843753
101041
833139
29484
900240
386449
392350
259965
113984
311472
390361
77767
637772
280040
231139
317128
576078
446796
877619
480232
989054
276894
865134
820569
609326
632692
628680
393193
379677
70961
2733
731333
1494
335540
718163
418827
703946
63556
77590
983639
77386
35845
935134
79345
907406
235395
298607
735943
359589
866628
10036
777409
641820
445350
209934
124399
343130
673684
332340
7708
621269
155260
291347
535305
660682
983653
732457
631573
576449
105690
190240
389876
77628
120616
419187
290051
445301
334238
936944
976549
821251
617638
111414
718169
757571
556170
429424
25156
287832
898231
814777
803563
217471
160932
92467
300062
825880
546536
604408
766854
718242
883773
531655
87052
308774
336364
517485
578839
269360
984507
709665
164651
832750
862673
528675
792325
717674
454279
388644
558875
217519
598546
352477
422796
737488
100084
896667
782447
334156
740379
276756
643002
122214
223283
334435
910902
447931
364943
824978
632264
164092
327132
835557
605985
538642
640234
939526
336966
151756
429545
762239
727986
444629
361632
407501
802779
383599
531077
802129
222295
262853
583980
88620
731832
70764
21322
50006
692964
604977
444435
579620
935679
839669
157692
497778
905922
114469
459339
181663
497529
607814
708825
432653
613637
335688
161894
258803
997349
191824
352291
196856
839183
413684
397931
286440
186197
708902
701416
189904
129962
715930
134765
831634
489164
467731
560845
191307
939287
499906
290722
444365
221742
660355
431336
425354
173081
927929
759659
946596
949705
408654
198815
467880
272844
683131
730556
738698
304820
771216
203420
308745
458276
413554
518111
502296
911374
881491
644794
55763
789622
854006
567057
77522
767079
774577
452435
70882
38962
121377
587358
233496
611395
221284
487244
402665
956482
392592
33672
434796
524106
716584
944511
351285
110001
470191
358599
435082
398284
526038
941422
575815
54767
884628
742826
880448
323370
387154
178381
821732
478722
92305
231830
273275
642456
43207
445288
914749
754162
416629
907560
338469
912461
208036
496275
876491
383431
253668
767556
115660
115545
781404
932300
790120
82787
248194
653434
727342
214939
454867
206536
421069
135099
406043
48985
818526
72187
17183
634703
508974
266564
472228
989690
374493
688232
525091
414952
180074
744760
281365
500077
653269
525839
528505
969971
109948
294807
103186
798222
643677
486034
173257
88501
352644
651269
695452
461456
703475
808841
123691
308770
643049
554539
472673
495292
754448
815940
740224
909009
462611
306641
806024
724326
841843
723407
311509
127435
804151
247822
864243
398311
49225
420770
466613
666647
235470
707796
96900
193447
239828
832605
611394
383607
265192
903036
330974
172145
315104
81912
49812
50943
82900
362409
213577
510353
902158
762973
42307
481248
805843
131590
169730
117589
563886
883586
515137
725310
673857
945624
840808
966336
338833
947473
820582
727351
258381
553429
998849
2870
499427
521293
971718
984126
604111
398908
995618
601868
618561
474986
297749
887645
94528
671919
35103
278871
113807
174909
14564
774822
216307
448260
302088
972866
879140
559430
441945
786400
988323
557831
818675
783421
832444
613154
9994
884291
76496
71307
568430
759815
16124
262043
133678
17016
947679
827122
240904
431121
472238
775351
12805
396161
65208
341049
900631
299983
695660
657143
363211
959365
30665
458968
702993
541101
417993
706117
910682
616190
195760
294024
903976
524142
886105
801804
682441
67325
709928
875828
307453
343163
659112
203362
474716
475908
601788
758281
572005
746856
355548
298829
954022
673117
100946
193365
328951
985348
671270
824926
732395
494269
449602
350665
387535
705066
454210
994589
924080
974571
744823
325370
648298
821193
8909
911018
362271
130808
568777
370358
294279
850431
762341
726406
423686
948810
499567
853631
144397
717027
9300
994020
559509
492954
124777
208117
773007
856562
31066
116216
44636
155000
604563
390807
782147
739926
280941
959096
359402
291892
451993
812782
719054
915808
817836
500835
726458
541737
989577
829385
201198
109650
432476
931443
236906
404380
357837
218597
595656
309909
555347
871155
550776
277302
375309
461383
715750
936256
389995
289376
271681
960342
840185
417332
588531
263536
105685
251036
144015
666978
160860
596958
980880
444056
983115
889897
95393
353488
588220
380800
886846
302862
17093
193167
984980
740086
80329
256069
359425
943894
969380
907444
548926
594285
126853
825
13383
325135
66475
997828
542077
558131
244440
384480
587141
313562
500051
956860
503885
872120
641120
664233
412640
428101
705213
665822
47729
862894
409705
905335
727193
384077
696104
288248
665214
229803
322651
479531
173217
185528
538638
309168
238220
728234
446940
214475
833172
836123
1013
710603
975443
220666
354084
29243
473764
937243
208133
759036
643824
304934
91314
880568
555617
566444
720741
522498
262614
509659
437207
788806
723529
77531
876490
941237
864980
29501
715482
944989
72814
983858
743576
401010
984842
645139
301765
485095
111591
51431
9386
228056
465881
679029
999044
607970
991800
864425
221088
478783
869653
188754
631129
348555
498460
584460
942062
158034
662391
118336
491903
687134
636650
245902
209648
712838
268667
629039
709698
224445
208780
785825
860270
524893
399934
438277
348011
631677
420535
170531
437800
668826
558440
605357
798342
301642
411184
865193
980808
50163
949504
214560
295331
668012
504181
837188
61306
29257
291183
147823
112270
976000
752641
867954
480842
549123
676488
443874
552923
360847
858295
432927
578873
605908
872331
367958
341216
415424
796548
359110
944478
13168
527071
748537
247997
930807
11994
290025
864448
402749
136567
174248
571885
233178
79208
757371
472496
310993
181716
760590
362974
447499
184417
507154
522987
955629
175996
346454
519852
194209
427111
847582
146412
453917
129186
379835
870204
937052
295362
583080
883298
801375
158173
459060
412573
678463
984274
457826
49510
647453
922498
867027
727881
620402
844414
358255
109654
733569
317771
430617
282020
680762
758462
981750
908062
699983
991614
34560
458321
611777
929456
399478
498974
660881
429392
847158
350842
118694
77663
424722
971811
291142
856058
820819
78383
575012
528157
365894
821015
513858
999036
177931
258770
998313
76035
624286
82835
496986
281753
127348
381939
193179
333544
319156
560641
387915
407290
151427
877588
598384
992540
66772
105213
221159
981045
92668
702708
424101
200041
300809
937831
166290
162492
838467
136679
57697
337581
805472
859421
482762
633359
631119
182993
120273
474128
72235
728757
165208
121492
571143
361512
408356
743324
845746
607381
808012
246039
291954
934714
546549
206710
959307
198727
37567
544614
677684
705034
434991
367492
177543
898091
837194
29447
752486
816064
51436
740250
158994
938291
166187
719157
385745
256011
453457
119802
601188
141471
963777
670647
621686
726956
106401
496768
639484
796814
874173
228592
977446
44928
195846
608906
668666
6912
528038
445276
223252
500807
299554
962281
837261
944645
76919
288938
767087
850923
274969
146952
753683
453643
726800
4223
918544
605899
393366
931194
198520
55323
613582
186189
181443
257042
805537
247819
40813
688978
277376
776005
520056
469417
28836
200957
38483
57742
232736
519640
29928
609553
547613
721871
791719
172439
53545
31884
10505
168358
675319
612701
749971
128192
570125
910775
61824
647369
123756
378830
598163
140195
923386
91159
231489
315174
873331
939879
853712
516874
502475
745224
883126
310495
895847
441637
910793
263412
775448
597901
263133
800262
726370
395068
546110
677271
793485
678228
201755
448675
814122
915907
259158
961325
610052
490230
84383
311589
201531
455480
577762
93006
122430
449843
789797
976302
4811
318775
641445
792394
584950
666572
640704
911249
949364
549114
26013
697258
278685
998647
930719
942725
480389
254963
131121
651553
137266
531052
45684
313122
371827
70011
989789
970583
939538
697552
511321
268855
899475
644745
302967
650298
684830
785117
370236
760338
534538
642227
987836
154546
677861
858481
92853
36379
919570
298524
676448
292239
649864
76135
156255
289872
994983
855670
713015
779792
448248
721086
394221
554594
948272
971128
882176
253942
146809
565996
320878
515480
981061
707598
640602
865528
57449
992392
418500
248155
412205
397144
667536
55420
719720
615981
946328
51428
475749
404472
975342
529994
765397
159858
518086
659416
780528
432979
639971
928729
153291
178998
46641
640464
739729
940857
561325
576805
749591
50597
983320
550174
804557
838288
549416
3956
542057
629169
386129
438149
33974
87128
289844
223781
471038
844311
185060
754148
464379
661942
799604
577163
977618
542496
50604
521208
583466
695549
556537
100415
775234
678430
439027
266653
77935
316701
844622
58700
503889
451840
922016
887775
296170
662694
311261
773453
690611
589531
89880
438814
395040
764946
662207
294398
130594
13472
898526
13064
153451
435832
861994
28472
376424
410704
358117
609816
863805
937
447434
135404
709483
397464
555567
892097
655079
249907
582135
55005
587936
49266
185026
206918
35774
257243
619317
108864
850779
452202
103576
48486
824332
361830
464555
598698
555397
111314
597437
651476
961786
229222
601831
510161
871420
64065
198989
193095
554749
636178
728833
65776
777872
108599
221334
898084
78516
966133
527317
712981
215810
240648
98324
241928
991075
895925
109419
290999
632831
158517
142178
793659
795096
178233
290818
455900
797243
187557
796011
994094
239646
859494
228247
543629
620669
242585
899024
27657
816447
337920
525875
515105
312345
720726
457463
16271
613666
119081
652709
513115
217436
119863
447878
82721
221579
715096
807096
985540
918019
486887
150211
224084
269704
375065
445409
599761
275097
713709
529193
574641
107081
61011
887183
830584
893570
669397
358935
354815
958001
325310
407849
737103
704564
922446
182140
595319
547967
70568
685280
515926
909553
450061
668389
229926
474439
109966
503882
372763
658922
1548
518648
766161
608167
257547
92243
807249
35263
900767
889509
645792
372873
512917
892430
588360
581438
982780
422530
683418
127329
860759
160145
722565
176710
51243
509780
591888
236214
564913
625612
79583
829766
688263
2664
775075
622206
321405
272263
970792
716167
713343
664396
370572
443569
700893
693192
405229
805674
612020
753258
554131
828747
281269
355693
110656
193923
676778
963355
443080
534347
865113
860429
776707
486263
808280
17519
632220
340078
688950
408608
221599
785689
966351
288541
149464
911856
417346
398240
343111
261924
510417
946229
780031
351267
906471
869420
349752
496372
587888
431660
649701
840940
620851
204588
587982
330154
751224
677634
741601
421117
638885
898147
247396
129471
311701
581787
143116
800352
698707
523535
285027
899218
493471
23851
155306
312625
686572
186022
603143
960938
589191
376138
124200
876460
774896
395946
36460
742103
666045
319979
567544
750907
661176
367006
593917
938853
410932
370853
581457
402471
37850
82654
623156
973122
660507
535548
160069
137501
155594
137142
844137
849097
156179
751347
563624
981640
788924
53767
286729
243945
545884
861577
509864
501489
185872
890930
407158
475289
111189
499867
97190
272913
40928
278653
452829
18505
363196
203486
478712
698787
698544
400876
338321
68589
30548
562891
79259
209584
149679
553885
587907
701128
722768
915587
462008
597112
501059
123457
591546
689413
826618
124222
863920
724181
431688
96772
576152
766943
809287
258654
445797
450365
170474
78573
601911
882680
232355
881872
753561
577074
701520
220885
68880
326833
249744
492073
236605
564373
313648
38946
352845
612237
132032
653693
352321
959924
446489
987940
891900
425854
720501
630671
86733
929896
565172
91823
8072
523434
342382
58294
686963
728384
591787
812663
645938
345554
459493
827253
679945
436939
203348
575633
690634
920163
348415
926255
983400
622538
254229
111188
33842
270259
646267
617221
393110
741804
453048
962402
400035
884657
850898
302278
820768
533324
15480
600201
397173
508604
604385
975926
394814
320162
419821
630744
795229
750452
59000
514042
666628
808850
254855
176823
599347
254030
931679
269563
456773
296877
896784
123169
249473
208671
975662
827224
487933
994139
691824
770917
648449
121492
374977
113794
920144
882448
562839
939278
611475
938129
968308
792292
641883
434933
183329
490497
416774
193981
379982
259614
90980
930971
495235
575198
16804
932325
61372
242201
263514
136908
608062
295255
530166
914137
825201
993048
772904
584031
370860
711699
964424
673007
279505
229780
691189
393361
970927
486973
478816
569458
789690
488943
468107
218452
980664
813202
296357
27173
547394
120179
477262
399420
537463
850283
392809
47223
97005
153186
578988
360971
781111
142144
215517
188984
458304
718104
717345
434453
20205
759596
401373
433022
739180
949730
574022
496797
593109
198151
993590
828793
725160
746505
569002
102405
48425
787195
632424
703822
278354
547091
113370
660427
402384
141150
2453
164518
300258
873698
173390
726700
197924
70642
215189
460321
391282
144285
979914
593762
776035
690537
821737
732781
787272
123513
101055
682378
126123
721861
64140
221700
185916
293166
811974
152766
970744
228177
679140
472623
179854
909505
342876
638205
674064
59067
399636
313071
584783
593034
625925
642672
913522
782805
110834
578241
265437
71924
306608
898597
400590
650491
510765
879006
121578
46577
196239
975216
407172
183294
889508
116506
496022
250772
469437
303660
122033
779552
343556
301641
466730
46354
964982
410020
496055
743161
37495
676153
651888
263522
848071
401151
122334
339480
480121
337564
802729
979034
877268
119534
255007
851343
442818
61467
945472
267628
618426
387037
314210
54648
528195
438891
261885
311426
560190
506674
693638
975033
350053
549353
332516
409334
800009
263268
473387
804937
604523
717887
831605
171532
708006
947201
424054
763252
392037
239949
509587
79957
438257
72404
812270
287748
212120
978562
254712
930568
372102
619459
228908
625785
8875
83940
553566
869538
272350
325391
180489
396197
308112
507889
387315
156704
846192
738002
465597
938868
477043
160929
729227
752371
618295
769220
570490
798411
25224
824085
423408
83870
740745
759429
472516
782404
679794
311337
910583
669813
220564
183604
477529
998697
336996
427418
170363
803967
852517
25013
396413
783151
361116
439635
323763
142477
989114
130678
149520
435265
877524
357336
570734
251986
723557
508721
430203
422342
9468
278496
88320
159596
877970
945538
504989
654819
896732
349964
981595
299456
413778
382377
584356
560946
88611
275743
365064
616049
843224
138145
399828
406390
435313
987632
285715
60996
261290
869723
389346
2728
687682
731045
462690
648217
311508
20659
550879
978672
845887
629667
125636
466863
182307
603543
76872
503279
28837
598349
955607
241472
700087
398602
739363
468841
406149
366927
998072
771749
179668
510088
400500
272403
380662
499847
761526
873914
833014
480418
205188
353466
65762
529173
428429
40974
390627
513500
962080
337498
316195
213816
779372
413970
400259
785757
377040
308022
775532
315078
890164
732934
978873
85988
228439
189558
79729
798068
881917
617053
209562
209122
900806
19648
576786
451069
81761
987476
547122
154249
126750
742826
973556
684248
534408
527907
345540
836354
736511
2421
858429
211370
804869
490042
414578
507274
45997
858184
478289
993278
280782
486441
47016
552771
711571
297207
271606
814978
267289
221411
951
683631
868653
103550
321492
288796
701725
186320
782098
639653
886164
816534
135977
457218
494190
840871
76438
758760
827626
671934
517910
805256
725356
310772
826742
378265
999859
68172
223039
507944
29064
521172
931103
746742
993705
99070
759662
246046
892846
545063
867361
331981
952972
932636
878994
289683
420893
931105
622907
758580
519835
3791
777537
267263
724648
807544
336289
509313
438386
572748
818240
138903
813995
883395
201220
921640
623265
809542
29817
529238
302631
76702
431088
234463
578001
736323
935969
697288
868307
722086
278883
498945
352276
547071
50745
663456
886186
860949
115423
17733
47343
527221
788330
868926
295999
135968
666122
690753
225173
536017
794124
452669
923364
365755
178573
539845
924844
111434
232033
927837
74067
479973
365625
264750
799934
532175
603664
269069
531010
715901
913487
846378
128436
247053
644430
373010
283230
145135
683415
913083
900992
978427
231751
445063
568740
954511
452711
626850
74927
245813
974598
722435
618801
474585
843407
585467
430613
397450
825917
679748
333855
17799
608959
215684
774392
235013
859093
947747
694299
402678
651097
452995
306151
127923
279733
729011
684453
869764
780445
564019
854035
867389
605496
968481
993491
487089
652249
457851
971188
498645
102673
401910
16745
634582
301225
241181
826676
675941
440328
7495
413725
273656
318546
869131
603472
298303
111376
641843
215886
262833
4550
495880
922621
189592
142933
569654
649637
709194
428211
547835
895860
442666
355711
667850
563661
956319
288338
549487
235423
941936
207331
603662
839798
599514
44070
303659
162460
852730
130507
187950
307561
655111
812776
720173
642929
643109
442939
755003
423854
601356
720390
37212
616317
399147
173590
862834
578019
464703
917500
610917
479333
221045
62963
202245
595559
917590
560032
310905
981461
24848
547314
507655
651869
440257
340894
885651
745435
732373
981421
256663
185951
343703
25062
643368
550805
271466
942712
31043
826792
836631
679845
272711
605357
532174
368017
13714
451084
445039
678302
121846
778492
740551
985064
58631
296921
38944
63174
946735
924546
211581
499572
153634
413832
803714
176647
866356
811299
259748
522781
960085
918439
152740
208898
577791
287155
335260
304403
177620
454388
916050
375979
55309
550868
263045
414368
187466
562739
84034
431719
608786
828349
411933
481075
853212
249647
731004
417142
104602
984119
698410
574606
73232
884278
774102
891326
917109
718020
173147
627324
288901
1877
228166
227252
656490
243926
628396
118419
291607
391011
338389
969165
653424
21419
444213
654017
179634
553387
667941
18786
919802
738722
642634
445542
807959
632705
585891
759983
661234
514827
677726
834271
695278
693912
690655
99920
549972
584298
93340
797048
756802
875506
701618
343912
550071
577189
889140
512763
628025
645371
540292
272425
890678
750142
829664
311781
80511
912606
244077
19238
750851
784630
627121
294524
292898
614909
194775
372084
167445
343902
986431
473207
154737
413293
984683
796470
443597
447440
847991
27508
704092
856965
288964
220755
160289
981552
521004
785924
788431
133283
444572
430971
27287
82766
441371
320618
622848
578228
512324
815394
532342
56192
659662
260019
3024
407879
800117
678927
650984
826384
836108
873870
690788
440919
475569
752903
98640
178061
543423
121810
103259
34980
431328
255575
561817
680659
134409
979628
863958
664546
300782
749325
984585
712071
68030
799644
781973
569505
903430
157718
190309
232783
906956
71791
156324
566713
230521
73707
753561
663050
214891
395292
966531
2767
786589
647264
209522
416527
916793
467124
998709
996777
318721
443492
569796
346481
136871
199885
902753
28098
172689
602377
421625
364733
280907
198278
117220
181157
24549
767157
546844
511133
361661
597214
856856
618399
128280
537084
546727
868670
176326
376127
791589
227979
974415
74740
23149
845578
822935
139416
915399
939151
599808
119379
144668
43131
424903
954328
934004
839728
500560
479374
609211
180306
609442
26554
52859
362080
663772
934102
559927
246455
752386
183182
747876
140563
890857
94371
38922
445197
294970
94671
999726
442525
428290
352873
883363
336206
286259
50730
163069
895400
570432
755298
125589
329852
240801
930433
667376
156406
500832
260355
813899
186218
722589
811886
453640
72226
224082
597844
189353
290683
544629
734740
422888
138014
488723
102115
429788
645179
671523
290941
504945
114276
847077
424335
57625
788673
580597
402231
152759
14075
386804
579209
164062
746467
445194
256627
708218
222635
138509
906253
434990
367036
8496
259027
925006
661823
504867
663784
767321
792588
761841
880044
547679
401268
118422
863670
986195
580041
864232
407510
903009
864825
845703
463861
645912
981752
367814
979017
96653
242259
335991
318043
928534
302431
30625
727250
93897
29976
303589
236989
929140
719239
71708
780863
158704
725870
940254
762071
58969
521617
600940
564815
887503
537603
612808
610884
664882
28546
431027
439626
147537
829453
992784
772989
341237
799015
520577
299382
805574
587813
913841
359355
97261
671726
443199
226648
445202
394714
610723
638212
762894
482372
106774
468141
334587
780263
398683
300621
726503
702443
406052
631734
458266
496591
832514
684889
152698
408844
381728
666379
650283
197248
476071
886957
54677
87803
736910
304580
397520
291336
593572
946325
938417
213506
241237
302688
619494
748374
644179
759874
416151
320547
429365
552541
708743
435982
170585
416172
131580
551177
612966
236355
722403
117038
316322
535421
708964
3430
745152
386560
327939
37536
85211
215321
662979
791470
716257
266547
890853
664380
783541
989282
241533
249907
348110
946352
134865
140533
689096
635543
488908
263531
488645
739303
644773
557285
529528
619625
245846
258014
289825
579327
770687
193849
952779
753290
503515
388433
118990
190259
619966
105328
675262
337607
470198
957208
17866
355564
437593
479428
983484
423393
133666
760214
501411
320123
834178
951013
430053
718244
697558
223130
172672
975630
792189
839860
404293
941463
210251
890670
979927
636818
394992
536016
894708
124674
797322
551172
767439
794258
393103
545853
263435
114287
702496
677435
372423
229616
581938
218816
862143
210756
463161
124746
931427
42499
641675
756086
143919
2526
630586
366626
251163
749733
381419
508920
227282
982692
68649
94089
901527
467690
444880
613985
736083
831282
222174
305983
462164
67608
320685
911912
970811
352326
560878
22638
580521
909022
770417
530920
855929
927657
159110
667906
712590
770663
42953
123394
982048
769330
645251
851394
242555
276355
129545
368442
720848
216816
564489
37527
757798
653626
744056
540293
756507
815429
789221
952917
156890
596548
529651
114192
644348
214619
897833
347453
732092
852066
445997
366109
334518
869429
23728
843780
373069
438183
601887
727145
658235
266923
934758
713446
998929
314240
420447
376945
881993
336388
841148
528943
991528
144451
498835
804834
772674
64911
568071
948239
783258
523659
996977
214608
89790
363225
333799
394849
345113
804302
957374
4442
527155
660550
49539
142621
165708
594147
879470
292490
508695
850188
249980
585111
155519
340105
814035
409554
587800
223882
210971
618536
618041
459949
417402
728844
882624
513788
570963
700402
392135
13682
929342
754715
844499
612564
521286
266480
666603
290209
113644
773633
476072
869446
248934
272523
596381
923652
285762
344226
372376
45534
864433
143019
355864
441783
717569
812618
86880
486896
470743
616497
821032
241330
515031
803002
583412
60254
54457
272932
252485
612466
708100
364999
454845
530023
765933
955187
33567
85667
470214
407230
193675
658784
188658
19820
123182
176204
834500
399055
989206
305554
379625
879438
716718
189795
114319
128870
429957
593396
591570
963348
837816
538277
210709
274801
676342
521247
879087
514086
824803
193204
141451
354081
875623
299064
679428
874
884227
814242
583730
60247
625552
651894
456224
820250
239091
295986
684642
57503
515092
403384
281746
247655
420385
618489
594382
922072
597686
610393
261619
991576
368835
834489
83672
39692
325450
786222
136496
858389
795733
749337
790758
181630
769864
151090
536260
662841
436616
111731
198949
85835
543141
880114
751445
442269
77606
948034
613642
893443
414320
695234
57907
847103
282906
283046
911079
489045
243547
334592
16921
150833
60566
342586
342016
48174
460422
868554
607603
626392
477945
107681
299719
725204
854885
952082
483207
352238
71389
655812
659544
379105
774390
557059
303588
994470
378534
361246
383752
755577
180705
966212
671166
280283
77958
168391
225311
808517
369279
232765
734623
602152
955859
434723
442596
744212
131318
588509
761156
101941
495919
805439
124851
136225
994885
723371
685076
848511
170587
732607
83436
343244
244689
566706
826738
494478
333219
740895
669020
739861
389
531834
648769
676405
638074
582774
449385
909111
80144
605742
345728
127470
977152
530309
625640
34679
502835
493815
129011
739268
168116
580014
545589
982354
151082
19696
923850
2669
390110
174032
510311
3363
546720
519928
463069
451554
793294
273448
103225
633714
463679
887818
520012
432127
723050
657562
161225
256166
74714
799402
502704
649086
886323
892750
370721
157354
708809
633921
643818
706184
366717
451766
675149
460904
478380
137366
536037
567336
865929
355960
448212
480349
738311
693363
67255
114748
65764
145472
962755
867362
501132
787059
646688
352599
455203
674205
270919
253927
697216
921903
54221
905678
738219
780650
612273
43252
579032
762902
875314
725218
743543
974497
584192
497938
217933
739987
455218
67781
277936
627321
529656
190927
410846
694978
897516
574736
610332
243439
140565
179303
592026
700773
33637
269397
204192
541197
275169
924291
209074
982194
373783
946034
615739
322935
163463
325222
894314
489553
860145
20912
468739
270495
769587
589916
363758
24831
288353
863499
685033
299859
437263
345069
497404
60212
423515
36550
581753
371923
978999
836751
206075
526487
490921
566348
944289
344756
430819
684079
319367
798600
203974
692593
531038
485209
364748
947518
641597
337635
867566
227273
137109
142666
962365
245494
101534
398709
158360
957521
701392
636712
420592
276466
144971
42074
468814
840236
599150
699005
505513
60446
614391
513870
556912
92539
185953
844822
101867
233019
249564
817277
114633
207354
904061
586131
219175
636798
670134
705476
557786
487432
71248
875155
399285
74720
654826
84418
827800
271309
304921
316405
122608
253857
92788
903006
156929
71736
638726
278363
616645
233933
563854
99153
765179
574836
581869
543042
975615
535840
782329
247623
420182
210214
886026
341745
472265
192191
617266
139452
874041
529641
557248
844207
371885
981365
319169
594207
99946
950108
40093
659471
752888
791208
990716
396207
918005
824041
640750
334581
878599
657424
693451
704219
864671
620399
8007
659225
945073
343794
59716
604783
844126
194339
34920
449486
550456
686150
911150
453219
960591
536753
587654
548050
272707
411690
397526
144944
799368
123393
638448
643724
39760
591102
686609
403819
141749
12353
100785
593841
797240
148406
741133
675817
922456
588915
728778
798981
501492
860923
638085
513867
594505
656759
545389
476221
532188
298524
212444
83983
333523
736010
381901
944554
114701
677551
682832
171070
853110
778881
699979
544187
935895
797094
63815
248415
585816
498397
753686
983554
108156
554029
960271
699367
85309
428113
663830
550540
449449
743320
266960
418300
499934
546554
561898
247611
726809
759065
345442
355690
968598
357156
912812
426532
682098
331300
322220
353314
884663
34661
526076
869663
29276
760386
638795
477153
902819
581990
729338
875161
809763
266058
184591
501464
489979
210776
508689
406929
246406
896797
54149
662585
400396
319661
723523
483428
824306
117586
165478
111816
486498
783609
576065
190644
186163
600135
302882
880344
742857
902685
555660
738047
561051
798442
673432
865403
115974
679450
132654
347061
981211
877392
899632
155287
170750
62567
791360
341187
557664
969987
361258
848628
923002
221901
701433
719271
790495
227896
60059
911238
830564
795067
138307
300344
396279
750455
648280
521742
33292
64671
172340
975466
866999
584340
222999
39265
493453
548608
842370
843146
582676
673491
775041
722995
842131
57982
113397
71817
957045
270191
6594
524903
324923
953553
933954
909377
831140
980008
311307
425525
751761
562016
187074
344898
891472
496044
491954
537213
192275
825092
412300
11374
87519
662989
201179
599385
205412
343415
973843
451629
213531
11198
193886
79779
400470
697783
168304
169592
623633
414905
217619
2495
239904
620546
84833
69612
654084
882433
664152
679254
283428
778206
65192
619879
237541
643929
121893
383300
644496
867551
835440
969088
516292
993775
869719
535952
29653
260036
201218
623058
888619
894546
322430
562487
995012
547973
820965
832023
397660
617249
49655
160443
756415
452469
445916
857970
289346
736665
651698
925518
91312
751394
172038
344570
968187
256772
282636
653718
349031
577489
9018
111420
23226
959703
159407
269326
23701
473458
721291
668281
905796
848917
682717
694912
146940
44373
542096
446807
902499
627870
8411
410345
75940
262969
352298
917941
508782
893580
638470
732423
867379
384180
916144
551972
393037
91513
493214
491670
613761
12229
60628
768023
36605
365331
999119
135834
183438
123739
294565
104213
954706
373034
39652
258347
908810
592401
548558
923598
189547
3436
78380
240785
849375
53312
181002
619365
757028
137012
543203
661369
161805
368527
389111
104386
95545
610064
233077
336139
294442
379327
382611
246333
491964
473901
269779
712576
853689
466768
54724
150104
678291
624158
420663
687430
519473
109022
526165
141875
698562
897453
562933
736670
302222
947896
554089
143729
427877
15580
64731
914475
113990
694017
997038
934399
38752
289085
739508
290619
420755
722286
93769
744178
749618
532438
143657
44495
739139
751838
837072
630204
584818
812827
533579
412485
784445
552010
334091
978367
765333
792858
358512
691946
458809
761819
812158
941781
440462
954061
87557
78907
975103
613068
890370
716193
191623
58730
137466
445370
373358
280993
990662
66750
70276
166929
665261
481098
5007
3569
311986
582386
617666
658854
363224
449312
866827
735948
949820
626789
571728
996057
906935
62244
908678
362351
950183
314084
349366
279650
784916
643816
776534
762458
721374
557897
471327
988104
562752
812087
669582
890063
700438
42208
919052
918608
38282
436869
987673
213386
369901
792629
281602
923646
963633
977971
130594
962120
68014
321371
58187
397050
591215
994345
910601
668665
186627
31462
380007
499986
651551
972135
262314
382762
954432
611727
625988
580161
576007
877692
774263
855570
877170
906891
625089
470438
77244
631762
47965
35991
537117
846841
655994
822751
801647
971791
745159
712655
528529
938408
329703
660022
305035
25437
158409
607724
325830
394735
858653
584159
588631
576254
863619
997264
319941
716997
248741
963590
905129
856216
134357
860942
105613
689981
593504
833078
599198
408695
175961
225212
267582
753163
763977
238718
296555
939565
466513
818681
91035
953932
76407
988806
443899
606402
427011
835189
262717
369827
345160
444503
364425
257058
800051
690131
681034
14093
902436
54061
502373
183085
54302
471992
274502
235866
876133
835150
707427
724446
232953
633432
224795
16106
839979
946020
133098
298040
83469
906290
953596
908705
600298
423118
871400
569954
461644
694454
156141
582237
946327
868422
199913
74615
548053
990524
484136
667780
839890
422239
148936
390388
611781
895150
986656
635482
407179
698458
508409
236360
573436
555182
280738
638775
96830
862334
836527
838711
649546
331762
311573
322360
809217
115707
818126
656648
189887
253943
156648
904139
91677
12028
11548
753737
654811
569686
145241
402344
549087
49920
895768
155066
225583
647168
975693
104279
335186
995643
796190
368166
187708
158828
286748
206764
824026
769271
131914
681259
531189
324052
746146
540089
736144
968616
424247
296425
712597
345242
560767
910291
277914
608869
193492
518278
144073
181921
642211
664843
615002
77816
768418
160057
361924
501120
773335
770906
482776
313160
274423
847840
176807
828634
245140
407477
236446
485368
276170
947039
688161
59568
517377
192113
774441
747600
159650
284323
815326
769181
623679
49644
133767
944109
422366
358095
862703
531155
573636
91336
487687
852315
142949
362636
465289
102599
872852
530616
257729
367503
506934
987970
247449
50129
192726
463708
202337
921552
689217
237531
192624
521890
786014
120405
684566
405889
89200
834894
473790
889288
86175
529337
354766
585780
237361
24455
176757
220068
519553
501824
644597
736491
379978
392997
159256
96505
281690
923030
938871
698057
955375
882296
95216
156681
425530
590527
639479
914089
292864
32141
717029
604138
716966
70620
25606
386784
178585
552374
66052
766233
126653
873598
539185
47054
215444
551659
679223
978664
113858
798843
816175
632093
989405
857176
334513
406762
169863
323810
806835
723832
775861
394173
541823
477224
984537
737139
219063
355336
932712
318125
561988
133461
992364
293314
674506
960282
48153
174381
146693
141407
277140
938255
95878
648290
375987
781505
929996
364105
364921
415636
957618
841181
195676
338995
113060
737671
161493
684335
426491
980106
79737
127102
750925
344689
261390
917117
66288
34390
154614
557172
655017
103060
963244
155437
202779
148762
358865
651883
151549
940737
523868
78761
233029
663477
296081
648857
445897
761300
548146
592859
922857
815472
381355
448058
89537
999616
453918
725257
815148
308906
143174
61099
773078
146303
96514
665498
647687
942462
151740
794073
420472
5342
884838
814916
273749
578003
846626
62390
416556
501345
231353
379950
675786
836432
352339
747497
59590
584738
702735
67725
979690
207666
145350
882939
639198
43501
593895
185028
484175
921795
911660
808238
889253
3244
403712
477226
336099
753453
647843
61526
312583
134383
991433
977539
869170
136549
967982
859292
746671
361563
399421
127499
177780
881513
902962
157646
679289
612102
318052
579360
457623
364766
409792
515404
691127
640523
412583
439707
22532
370852
874359
540137
938857
990069
474139
843532
568416
421581
233946
858303
720402
659937
432532
829120
29185
464967
492177
323017
315274
970363
810140
664216
413272
851310
249783
247754
462641
988852
18753
207500
564529
279171
640793
627440
64944
89940
144394
771898
137767
856547
673574
810245
845208
165973
290285
181660
277629
853855
445395
581616
863075
623523
878240
389216
950881
138053
67801
359995
453182
627891
13851
592337
136956
854378
933083
901856
148985
740469
434344
895770
307576
995192
745904
94505
540731
592237
950360
239168
731643
983555
514728
777258
757249
179526
854391
856444
651993
964386
8804
919023
151805
550737
959662
265885
863399
164617
82142
301807
81588
106464
942910
71564
698006
393742
790902
321595
109913
737603
973573
523904
521730
573513
966976
63688
410393
990547
231124
501560
586590
753402
794084
195683
41625
58625
863276
712754
605203
839444
864328
541055
939435
35748
350442
512164
21558
711390
854590
772216
34365
837170
652322
160948
288721
19098
78265
652988
16640
959307
587727
630812
541903
350620
64240
537807
105686
873767
381760
200642
189345
195447
169947
879203
895681
688074
760617
646712
822846
620472
319323
322077
952196
243878
485586
427173
192114
927521
644361
209633
791164
592352
45371
648444
758615
604670
120045
535033
256287
498774
66304
898528
611716
440585
846615
761458
878265
61098
238458
443784
693202
110583
553572
377461
653468
822029
429685
893866
531858
853362
524060
288543
626162
509139
991459
203886
28496
966775
848166
880630
988430
96231
565936
455854
861287
921766
694313
729726
64019
248341
244213
968533
845304
592695
388198
3704
305794
421091
399280
493884
316704
838043
422663
721712
353543
788803
594467
672809
766820
64379
684768
664048
248937
557270
569903
965502
389049
970002
823282
415964
598609
589801
792701
226293
639832
20447
77931
134998
84133
920874
938934
207062
193912
624427
248445
133826
417568
636688
82170
753173
661150
251053
577404
803856
731816
244583
750688
389315
894313
607723
726505
528716
651256
494305
302372
271344
91112
706190
385843
942199
34143
720671
82626
134178
422328
36935
300953
177575
224716
912781
921011
64954
104975
996903
939867
765110
775765
277806
16881
638551
3567
533784
947134
702784
935106
276462
374551
697801
599362
398244
478536
167123
796047
480433
332054
489085
957954
349989
742349
51033
797948
18837
955254
307157
364845
163261
838104
618157
863454
1160
221318
360251
769957
682900
152766
292757
176193
708485
571153
882552
24522
242149
529051
836106
971832
191193
705567
790622
856423
85628
740144
578019
335377
747872
447723
611115
269420
73097
562342
270101
607268
832009
70478
367273
832365
513458
270970
912485
562285
975743
161165
991654
606300
447468
496887
144090
74383
166151
205140
747604
761741
247552
354070
50520
412433
326306
953559
775191
534310
870818
678002
845026
823279
181315
733946
405109
485091
743269
262283
833636
189461
851922
797219
560250
29977
383940
632031
240265
870907
925209
763512
1088
518504
38521
983258
770572
38123
338412
550949
702332
775513
861636
510350
446790
788859
243823
875916
107848
544760
169701
822540
433485
868549
99472
274783
369499
50506
231547
266093
865576
612889
696468
878032
835877
739589
328272
976970
824077
217022
277940
231964
412107
637236
156396
509526
315425
383538
648306
480607
504356
909154
109329
761997
314449
313775
251919
560872
410170
270153
782040
597268
706549
453532
320746
465463
953569
594209
475805
924267
573518
8290
121117
134255
716309
493023
379745
994922
367089
602506
413997
914055
105115
848140
228123
681947
90104
482047
947557
38790
935881
26432
344273
347296
541898
414346
674563
397720
788066
123310
481726
444100
244203
784203
380181
466133
900663
764095
390351
170342
700206
49680
431212
423320
442985
750424
895642
760238
155630
184947
196456
586888
684971
19123
196988
47788
152010
365862
819538
26262
742299
917109
258068
88170
66081
210014
482467
758044
319286
905690
876664
434921
902448
743219
318034
345195
884937
286786
582329
553520
80330
825986
401931
845266
719720
276048
596394
4816
323789
967917
626265
433570
667095
329965
212614
375718
66470
457831
295280
340399
805128
61384
172375
828869
578234
27757
239650
484609
913021
508380
6277
725485
438747
987839
206522
344994
753407
426042
606740
783300
40984
514184
362002
282445
163556
606051
363171
8811
234904
545278
265505
709922
103047
527359
135215
430876
762533
917643
78734
574216
107495
523969
367457
492448
220531
251767
106980
993475
871516
568058
715035
772196
630416
94847
635970
214296
184553
767860
875956
806697
336047
23187
28501
82278
441544
876061
204289
814004
343170
350660
243723
929614
718776
471338
723372
354072
83338
538477
124785
954897
415724
547351
682185
303358
644164
171501
985508
123504
253799
653871
258445
38624
55233
514379
778388
866015
222113
768227
669911
438305
368805
503793
367134
353097
817784
225685
393987
675837
261224
264284
714652
138330
966062
45652
47944
90369
350956
884337
205376
314465
553888
502301
895077
724920
709442
444946
807059
343363
234025
425760
672673
420852
571074
5166
744064
864186
669599
527232
673575
908917
108289
226410
650356
503804
138254
852879
296792
328832
325228
588899
686964
518044
2549
67658
487805
601374
572263
633167
923432
91725
948505
390965
800777
634954
359679
402213
694325
372450
738422
57401
187585
439168
534569
301859
809433
865741
675208
337141
184024
433857
908133
978658
378380
582610
863888
792038
118355
770852
44998
637356
133352
499160
276404
780224
954078
486653
950716
190965
734534
793141
867728
945068
83624
573741
483273
877159
839064
715127
41904
692894
256777
911975
351624
15801
660730
47986
896781
239351
209335
541561
894645
420013
303821
808063
812122
961813
483211
687870
187029
420491
451649
243325
890311
292207
368998
740091
730733
359530
662305
662164
495198
967515
3310
425721
354807
266062
198081
246446
801602
893003
140120
209449
101957
113123
557693
860229
220512
314715
877665
207134
766276
761045
232266
701329
200952
581045
232001
990139
601650
621950
973012
361436
734551
210081
410529
802738
31260
206440
602856
421782
649320
3786
149280
583989
920420
819081
263342
57187
155156
783440
280513
719538
813308
30935
126527
539620
611102
375686
651501
492544
778058
581238
261680
178057
632250
5486
748460
823645
494116
209641
18995
96618
133685
575129
330716
132428
270510
711503
114349
379075
534538
243834
810150
395426
350265
595777
653729
941704
800730
804666
672895
899488
220562
917648
42095
40471
557714
327944
773928
709270
260663
484796
648766
492471
913415
88704
550062
13065
299041
691604
977548
944488
668177
794214
479920
397986
871034
15873
772159
484100
499515
395966
749857
171018
83576
79940
55522
169404
111002
40202
460742
680800
329775
278600
81751
509836
333570
244010
395207
979076
69420
195051
162255
821878
962778
844653
455949
288901
20912
998446
895430
648808
865148
235871
820845
149972
760744
262374
360377
575741
402861
791169
214773
857892
493165
507317
351893
422407
802451
191977
697857
195831
890097
965622
166506
394647
387387
258010
539900
73135
315817
306206
856820
201510
793189
310742
271411
961403
359685
178510
554901
91183
855091
434993
290243
593417
316779
557637
792285
543770
108360
787722
147060
132981
857050
723031
617368
489707
304787
240211
153927
432189
76851
808546
602432
936068
13205
367633
69332
715227
979381
922268
810295
8803
719121
932797
189244
466822
280323
280883
674978
387656
764906
593448
340505
236415
956207
158414
669056
960212
668714
1378
226930
118250
758632
426024
410455
146481
219348
174259
961920
156709
767446
128466
517588
408697
932937
418188
475780
895097
326374
690038
466959
593671
357759
272430
586710
217652
22121
988131
572513
4015
423023
633197
847427
411079
338099
262155
938344
267028
667536
745450
459273
275477
969178
548417
100587
755193
935995
986541
263944
485782
950361
705311
471890
57433
708210
440645
102644
851033
127043
209427
645675
125863
364807
423638
454709
802488
839445
465894
254524
73958
191939
286113
952842
238251
130750
435811
647927
678372
250381
413041
745413
751135
722327
509738
303863
153185
8169
41891
58513
673780
392159
70231
280752
923068
635264
161734
27528
319036
219875
559230
326176
107741
462321
701833
535180
416207
838903
249877
210070
702950
369965
485721
918311
260127
643757
48963
333478
924477
202812
384788
384422
970329
600869
327152
610630
764185
328718
267704
216607
545813
277752
914967
391761
221663
597631
78488
152491
676334
714713
953498
306333
839024
478613
995196
369585
132995
46078
302183
739407
802230
705001
992521
761780
692696
570686
712697
890509
339051
636747
518223
60576
486104
523144
686155
438848
688378
989723
139381
766659
963758
319940
69782
487524
974975
593806
522846
866188
209450
614941
355650
958291
742238
537011
20361
298915
224852
628252
235375
489232
843252
333527
508764
387964
482119
853983
307343
603086
718885
944224
341178
810186
543878
718900
479088
828748
957450
71297
474231
236451
727273
326934
49936
573311
329326
273598
63839
841642
937127
476133
981622
434146
806101
314758
623370
627769
980276
902194
309724
44913
805944
321579
843153
985976
99434
542842
366299
271211
667020
725041
192613
241403
521236
615387
212031
58710
310588
256102
568484
824508
518769
101560
533452
651798
947982
485929
172937
427646
266202
684652
825245
747081
318662
950282
381185
454776
848600
375740
834704
366214
502909
262597
799905
261823
716836
672819
9275
996027
328179
940720
280488
549240
275253
812952
89087
503149
804616
162693
429109
303536
772110
187940
265540
496044
528513
442506
620789
62624
567430
16481
759589
296462
850841
871331
119390
164071
686625
929473
202811
517727
203601
490429
813715
377583
449522
601633
117665
45849
218359
768390
310384
915947
773741
410693
150955
838306
120062
563388
437273
297930
440694
71897
196225
802228
569362
4355
584488
836543
715992
453940
796198
49979
80974
905542
281466
60991
184089
755234
393050
109984
31726
451149
322078
222448
400625
674094
530277
40371
656985
144098
563690
227144
536183
78866
984878
137536
804307
853933
326750
578328
294391
535089
737566
816898
44310
506952
322741
576067
646927
682026
107599
239400
749491
108968
741447
190310
888309
30811
232585
916541
337682
761521
274028
324059
488938
15103
343425
860413
474647
338484
82275
940541
80922
235399
64426
117768
181718
647566
835446
559307
153284
401991
787224
724841
722302
8900
426581
233984
419991
542996
862241
539915
641384
560729
236816
759432
843395
7670
185065
466415
682954
310513
973222
841915
742573
596951
577911
870828
384675
337001
679678
673424
999557
850091
815291
203903
502019
496003
669178
690103
795683
561257
795545
432107
871077
300043
871079
614104
643624
31624
829087
408640
301672
472203
355444
59720
933580
197488
493984
637556
856786
308218
986510
220653
27260
4960
660267
133342
844779
903955
771441
64254
829788
706411
176146
103417
321954
505061
191933
71914
486074
116896
281699
262126
951460
83826
521271
468388
658185
950635
444678
427816
352464
844922
519840
714913
829129
431067
74618
751769
722143
323561
776974
273287
801601
483619
153035
558455
75929
819644
699632
907920
915009
417639
607578
189064
993462
242572
690608
404990
615294
670744
23266
282609
293352
366723
49418
28430
964846
178034
808645
102118
496524
784673
363240
977638
681969
526252
337676
293859
879134
857211
13656
649230
452440
893728
757612
287706
248635
565873
387356
415011
575473
231649
699748
703193
157218
891819
394081
703320
755141
829523
561156
106499
602226
855056
809374
145341
141305
540819
707380
823881
113759
537435
85544
697769
99418
610083
602014
897685
350160
855085
48441
527775
453664
6586
251618
379626
83280
5925
265243
878203
995412
698211
326279
852663
24862
936386
265403
985153
659835
388501
651057
45225
394765
662533
782257
335365
966574
605241
734184
645132
719542
192574
670501
1798
823630
19062
566386
261464
375044
914582
312294
416772
194504
536210
171905
7342
108695
965891
314473
916525
890321
717390
166704
332787
194184
615953
296064
130237
19033
68591
558636
346415
156154
621614
138012
459939
543864
620718
431827
84938
662276
21878
526934
893617
409306
131584
67946
456178
385058
478255
263500
590933
75652
642788
510923
428894
619355
439066
754609
44924
154169
534111
492956
238544
97954
944801
400128
494578
134080
965841
383624
717740
295609
355480
682082
536951
892345
239479
410189
233016
768203
505190
762948
418343
180564
333506
18506
724742
817900
991656
606537
412522
570036
212776
135598
865898
934505
446811
112669
171387
850610
57175
740578
367852
271923
304649
758946
151253
420549
223404
86861
72146
915146
962798
906739
5634
271777
109235
759270
630686
985633
473116
519607
472255
421880
697578
609402
913722
68366
942067
748023
413373
331289
967737
496578
17992
981287
74411
839454
199812
397521
194831
169934
734680
933649
294475
986942
935636
793874
755172
480352
868610
65818
262380
664999
900438
425420
446899
877696
317029
405850
678217
227678
618208
524883
130280
429920
859195
305297
749094
234727
253899
544230
363039
655563
338379
473715
788219
858603
307139
311970
649432
132051
44395
742729
128262
983761
84863
730265
766547
416611
898900
408557
795177
980850
305082
12233
69256
651124
757271
266641
694863
799706
52035
189721
28477
726268
511030
838344
999373
55078
161102
19157
560477
82411
554609
556184
155293
991732
437294
515817
492342
618494
312323
285288
591479
798438
265903
616946
304134
398580
96461
759550
237641
443978
890733
260318
523688
768966
392626
128180
389855
290166
229529
360672
393829
297179
702727
161845
384417
897892
645255
486588
970125
784263
231995
219125
449821
817421
580294
684616
283793
283972
688643
823906
208886
700576
196501
464703
793875
197458
105699
369445
533271
743783
541052
851104
765304
137637
151929
506345
441990
955510
965935
695832
219002
329778
111331
33502
979876
30223
87168
37620
125193
930644
432824
199750
587531
396342
974826
259800
420722
2921
69447
392516
551521
911929
894543
216453
192585
515517
489537
339047
21591
712052
730430
449641
720524
744978
978618
822142
124159
571180
489504
546804
866094
491019
103245
293712
737655
193099
574577
136095
78482
600695
534616
15019
230238
722342
953963
369809
90508
975592
499062
408490
747693
170872
292946
693762
132264
784768
455380
803721
852038
826307
612079
685009
970058
123630
57436
509699
655278
269558
226954
910864
638957
463971
62063
890985
896852
209086
8555
103746
323121
276140
225527
405175
514081
779918
238890
258688
494687
996768
621607
694138
151223
60607
999666
718012
512906
980868
18023
715873
202869
880470
131898
562275
995272
961608
804530
905442
171517
277858
933569
152429
736682
826118
795992
463502
481475
828066
242504
40702
601046
318285
617368
627943
760038
179430
780498
780858
217343
78584
341831
68792
848086
280216
660071
358861
935833
923455
848462
987026
618907
700451
510053
121194
936208
471768
245917
925568
468696
311849
424279
749318
671704
476004
312171
70339
590379
317314
803400
967046
251636
839306
445452
556992
749601
452347
573461
779836
528743
668542
427342
35530
299886
62679
824535
782713
97633
772933
150980
352064
627381
372452
116257
174562
464033
744869
992970
439734
236517
855026
665829
481488
660314
517993
258318
658194
245233
95321
24428
114061
960037
107255
370649
85384
817564
382954
463183
174669
593345
610299
610861
899157
253064
725540
660213
290571
555956
729695
630158
328136
217603
342614
465469
364467
633825
453691
511266
611400
807542
510708
895798
76187
760610
87769
37632
545908
43106
242631
211989
19986
686062
343470
521015
342156
886310
558602
782808
593121
47228
613859
559868
941045
573591
210689
437999
616439
153846
946315
326049
169450
636361
193925
441374
916535
730248
274286
644321
831004
284294
56532
243
447497
549597
949665
898643
526230
375147
586697
848195
805969
538917
947673
17065
581183
847993
881524
908527
71200
823562
525752
984978
201878
691795
609171
33248
92010
961161
972573
533213
520390
423965
798730
619347
847926
550001
863735
31880
400237
404760
304171
467595
979630
144532
730866
487754
447700
79523
247864
572409
523399
716437
818165
723059
109274
582282
972974
345671
664128
223598
431662
406105
672001
628925
463019
78709
55284
275744
855342
252455
276385
512870
840143
963077
597230
697955
429531
741991
100108
171398
314135
930590
962762
473114
175608
863988
378674
291039
901987
892034
181978
978508
312601
755122
933340
169587
452328
859765
36008
796492
92707
437176
607547
873773
976395
45840
858481
885631
747768
801385
510157
797038
461948
430059
8148
74989
652638
697623
788986
548949
478899
126904
527753
188577
329260
505203
519041
484350
187823
983819
797252
410951
403408
512841
83116
73607
420755
297622
918169
912645
254904
525296
634571
993732
905324
495514
543105
360106
432890
436858
260917
274475
144618
432573
920870
673231
969709
455007
314058
154508
671373
996377
221102
32946
351184
913031
742777
186946
295925
48564
131946
385246
375339
897397
394624
282231
359701
651838
708589
324787
635099
294359
981416
644301
139396
660513
263515
234481
264695
858351
6214
275962
712046
935186
666536
159153
592935
885122
857461
521089
921580
596559
967652
294821
425151
155112
978180
103939
572506
507206
998475
340849
992007
636555
934946
486793
633584
161641
430675
271490
803915
615897
756786
167228
245658
52362
960626
474340
684028
960027
464579
35476
154445
194035
228315
877306
842682
927913
57308
946607
162979
386431
811200
37433
252882
269327
964849
884152
946317
370939
870271
30329
449812
450591
984040
332431
238375
260980
807675
529017
447564
265327
782436
268398
224699
134795
112876
211965
854805
344153
682223
436757
976965
713489
550648
654092
151641
470501
243262
220245
46838
441805
954069
745789
878238
731190
718638
39278
33593
513715
110223
463846
749880
8925
685982
40799
602067
444564
722492
759788
631246
342531
547865
732367
380700
473354
996630
662456
87091
684767
303877
502912
144045
922344
887018
21955
556941
378460
346300
830793
429412
72664
476986
678158
340209
307284
260153
619841
392882
806480
30669
173129
250398
883698
931364
755092
246063
108332
620998
599812
394054
188451
533873
265649
614830
499300
536863
35451
617992
46051
960030
962583
57184
531651
546650
663773
76968
781256
857647
705287
282231
124074
943168
855245
527005
524288
361049
235346
118875
451672
391031
836258
434913
345745
368745
583091
564303
150909
246660
741523
650043
234944
257708
738048
17380
61160
562972
750756
558635
501850
580401
702355
756935
955101
100575
106184
282335
254913
959729
646660
659104
397596
77821
131177
218647
105912
685138
402259
20547
852132
560410
220427
258895
18305
781537
990236
1945
69820
405934
989718
973433
4097
354114
995864
225266
88117
14660
593553
708113
481784
805778
731278
809671
18259
48732
212289
593748
997893
419182
109815
240430
276681
547028
513850
106863
665295
968097
902594
280669
7870
402769
360191
884950
343823
656845
151785
723449
895816
339806
611492
906585
986617
764641
805708
493595
845520
63665
160799
282217
812302
787200
572965
947648
20225
75665
556434
942027
86711
109191
444163
53517
682700
775592
678371
459961
368407
53997
614820
488777
66584
781096
252637
602872
495279
203368
595546
316861
500412
364119
921158
359802
419554
186868
817099
470768
29576
772794
939309
791320
115793
620840
627285
47354
88036
669058
47826
132925
721761
931153
853437
710218
138257
943274
541942
251363
867523
392431
937107
900731
207557
614085
630777
353718
617038
969641
297721
736034
489950
78650
778730
985985
43346
973864
684867
558076
300336
402231
314114
126515
972496
828555
881981
723531
604428
449716
531237
271290
134571
769555
428749
799465
822335
55986
372985
661627
448945
745029
489397
777049
659203
11892
994188
76437
628969
479747
394875
604047
995000
728392
669032
407280
297535
166338
737123
295391
840556
301988
882721
257255
415204
342020
186174
804319
434180
415054
875403
245660
649838
636910
645395
531032
860857
70142
114598
314484
416080
19045
310293
317118
556197
395555
181882
565133
86203
623678
185635
471298
43509
6672
328956
852187
39097
178798
361629
662774
488641
327726
520662
487183
703959
520823
182046
257848
781332
821395
440139
387616
260923
129631
576230
135211
270177
957071
216376
139413
286915
97008
211228
236865
214598
791016
586818
163375
19752
574631
5415
916799
488721
436193
841236
181899
906585
165553
705536
697392
514802
832344
177933
155167
196255
46587
489587
436693
346513
612323
432292
227724
373423
171059
517136
100913
384430
640798
421455
80019
730805
165473
401342
434356
71352
815007
626460
811024
756666
879970
591343
442481
208194
246214
811742
333208
760205
597637
703709
552940
939036
108008
1183
986869
300725
2086
747398
693759
26250
340315
153689
510034
54827
276870
141421
303165
252868
775427
13118
311453
601910
111358
319397
765550
376580
931362
660839
644359
338563
961456
899506
60271
238530
143889
763782
817146
501617
652443
174352
796160
295281
468991
531553
469332
511088
315150
748105
5669
307749
434122
571703
445250
525390
78911
945698
972398
663887
822771
217700
683932
598154
137437
955977
828247
309594
699528
744177
453097
939740
603237
768020
158504
706674
192230
976265
738449
393627
8261
843811
20351
261409
788197
771064
538728
155403
589557
224393
891776
258297
571614
425561
623959
888893
392331
47338
153574
184938
619007
832285
63314
969989
10900
710597
287752
910179
558274
911926
560497
485257
717762
656219
132690
474106
615881
688371
872226
476116
461395
837189
481289
67755
8840
830635
267124
642318
910453
701206
748183
834260
362498
206859
787861
243567
442714
334718
178856
231699
608152
438114
735962
328859
729890
107890
564975
540026
335224
963668
888815
434873
197992
695210
732122
548996
742475
963873
652713
481734
807011
54227
487445
418445
73027
290259
869816
647655
180296
91506
795843
762381
46797
213356
495293
382412
403136
498042
442811
793697
163754
310627
908900
374191
9762
226586
86293
589624
264057
765232
897189
163243
955618
332266
871035
590459
349507
589246
362787
359842
507751
757445
105895
796990
985908
850757
762337
373842
838853
783400
646634
160094
445965
509157
643664
811217
380334
56679
349014
78533
138732
728928
201709
842158
9028
450367
847218
22431
601267
468541
873409
476772
21710
308844
631205
583525
792787
564645
467322
199068
965598
512527
391513
784560
108489
453493
793969
903685
261322
677833
33768
702422
994953
82745
802712
777431
875070
285500
267158
711090
353078
863544
615865
796914
843016
542512
134267
13408
621448
945857
118326
250323
238796
593660
144608
824759
747730
990269
79340
21510
899562
286065
411712
830235
582885
574404
739501
965009
273469
479952
295353
576870
816899
179922
22577
593035
607108
324742
142381
335522
771042
338441
533098
947934
903394
725329
807568
501730
613243
33378
653852
421020
766401
581174
665168
79153
239992
505215
3152
35290
273404
673528
446669
993926
640174
896100
497418
729832
291296
168283
345900
732209
512968
181304
841272
202075
403629
604336
188426
552935
119121
543448
603298
507639
919421
97118
722850
275433
975392
489909
988113
644721
939544
143190
586911
370604
324191
423544
285507
724941
547795
771120
762506
411501
162564
862727
177726
41590
875002
634082
910799
713116
484366
439351
306808
128983
560378
826074
406841
827037
342377
34222
47087
65250
577936
730027
667828
155736
256044
556057
84834
781365
932241
643781
202116
622268
939982
659986
320552
762662
679878
377089
218168
115238
953758
594197
209241
156771
41262
493077
698558
687
873692
698744
49230
909516
231805
856486
931258
882500
609020
211244
509462
899094
861231
806026
180194
445566
563628
999804
967302
21534
475387
831137
846492
576355
444365
960138
583616
520207
369263
627981
139984
757059
803764
451398
642289
926553
721363
586419
905878
643476
594306
380537
101718
220403
158370
714933
98324
987975
415846
36994
717450
616466
400493
800946
975890
462071
816701
73428
184435
352686
283947
493803
669002
203643
869990
611843
688765
902311
758688
592228
412151
199476
405584
870319
34963
488043
127690
242047
386860
14447
238397
300886
496502
948205
259279
721322
236486
249758
643897
954821
27050
93654
286230
475059
622418
933456
560559
563616
549722
401419
960747
553692
127120
331726
925496
728932
120226
719568
694497
141910
798310
988514
65955
330194
958517
926281
29845
404773
823780
894824
905584
867246
392298
327063
69438
101692
453201
850636
619039
191963
353985
370678
200494
467432
858540
328662
644598
921340
522942
379746
864831
366747
829958
551683
894036
608950
726335
333777
372433
48847
247341
904562
880511
514523
156367
595982
320888
222366
679635
305215
153602
916845
971433
739860
440063
152001
214206
881292
447117
927047
346285
939748
629716
931870
265157
84046
99185
427033
132740
388863
441735
3897
87662
117693
99308
285729
891135
610871
687329
993603
142461
850671
165726
483871
441237
397104
46143
702075
63826
25875
600257
41343
777642
45811
45506
559031
928473
228447
786861
44112
25892
820315
101516
914266
295871
297672
616721
354717
426488
423195
552149
374154
421789
479581
816079
997583
498814
85694
737019
136253
568811
173221
245086
941153
707520
566365
819027
67680
73069
539671
16936
161675
404529
777444
227789
382428
342503
972605
363625
977215
979469
65130
32840
149419
210256
114149
384057
45575
318146
391586
778523
423841
83512
120062
685054
532789
782041
966908
790951
526321
454221
747335
211944
932059
260532
318879
927913
988928
675188
116923
759169
202286
234236
884366
979181
394601
398247
974406
848599
194675
569288
439863
430261
992094
978904
972635
295351
458280
723420
378721
708021
5704
428408
768950
994739
510546
335742
126192
708598
68253
540695
965302
106375
40832
895814
573848
72055
256790
697840
376637
128855
716198
183087
384027
839515
71220
753310
672992
231254
411963
441925
770739
498477
177665
148637
46567
837678
165716
28331
2241
936582
639007
603913
451417
541096
210028
141122
388599
350289
777620
560106
592262
68462
622756
597482
716087
259416
755400
361477
994122
949948
103038
151486
409562
906844
781665
588789
316132
47350
350080
753352
899600
124764
623326
190902
196952
115571
583030
986576
578102
192071
893659
35238
619030
509407
495192
601741
590667
4458
501446
468339
394315
891721
163687
395719
36999
358050
295369
156298
316175
795877
600121
386542
37090
581687
473307
104823
824916
170326
740053
990143
545544
929524
57428
731127
52845
502532
715321
662954
118821
385426
90804
972461
642580
323649
434966
872782
822910
3316
805553
969950
570149
486844
989639
764828
78787
55526
522807
665622
46450
319500
471586
594803
82503
503424
226214
875370
973915
682405
603820
967873
559139
76583
615665
714787
408264
618527
480528
995535
541080
766888
288493
140917
936423
33183
350848
850607
874284
93997
75739
184724
768663
245059
674446
494001
42615
707056
330123
294806
885403
625836
970874
839359
591755
219957
332050
852350
891350
2188
637047
83470
855489
725187
977591
979602
29256
957070
6589
688474
137412
822727
472460
224632
934821
374863
388421
649554
942551
409877
182959
274022
854904
188338
533457
902369
461355
676827
140907
48583
464668
620913
630509
795839
772124
156360
505146
224978
896042
11919
706577
171256
705719
505108
42641
513597
82821
358995
124231
836758
734595
7528
608644
166873
885814
121024
103709
697701
328393
978285
839371
12302
616153
108686
623762
480656
8666
823374
714385
474581
675213
857516
876118
372815
142169
429492
313270
769090
273229
277532
868601
539950
434167
431164
573631
996253
402662
483832
337651
330430
384256
747129
80974
785068
757193
793545
188155
31580
264419
618523
191169
269784
276698
131770
873082
459125
918144
793973
553505
127380
845060
116410
283505
978006
992656
751747
914137
670399
769991
912299
257011
106781
255530
69947
706536
340335
377348
664302
508109
831028
549793
708493
326234
841414
793099
426524
152724
225847
812116
624857
23506
890915
636204
457636
469966
182956
115227
827249
958695
618740
246861
28969
221173
278598
754602
493987
636256
947038
415811
186301
883817
334066
412963
917920
809826
558772
56421
793974
161682
112017
309840
371311
127086
136600
642043
188258
171132
977422
331515
529647
200362
863266
165112
801081
758474
164659
776475
747416
311757
216310
296744
895576
197351
337618
922966
682111
672194
317094
44779
863553
252841
662951
737625
308322
699901
420811
339779
426977
748983
363422
882927
550499
589671
958405
90222
113807
60473
191604
237013
172204
367181
564562
783725
469100
928214
315383
337762
59365
230146
233536
659012
525564
368582
971143
701764
651736
338967
535203
836453
326860
475797
843857
721622
155879
159414
616475
748611
906177
851065
989508
737799
253546
495304
665811
552782
563885
7832
259562
466459
277241
523630
593037
244451
315123
12283
237100
161524
655103
698024
840166
806703
71415
614238
878467
186923
642867
686378
264174
357657
791943
354228
928223
685644
572238
86272
305924
44512
402917
349162
340526
858624
693945
75644
347733
919011
923982
616187
221103
877097
532825
199338
749421
853072
989867
193246
156770
660961
137230
283291
723006
169504
648276
782276
852460
252872
29374
157279
782046
952879
143284
306371
410208
655388
292087
493250
5902
980122
819428
415441
996947
532788
667808
509312
57787
250489
397503
566062
639369
987045
886769
867136
256534
667801
337166
562639
880362
358771
159112
472677
652271
182939
179548
708590
310215
915712
67169
714498
236704
995902
856824
553787
379559
53421
746418
604418
516402
310286
246172
506706
601534
349573
17036
835266
103151
935684
921886
639268
749749
852164
302304
823523
88426
355663
152895
97395
298661
23798
38459
274067
478268
482436
641138
432508
497517
512736
611882
909774
438806
166132
510359
627905
306918
441541
292241
662206
974653
278338
574502
940301
386723
719343
108097
704342
669506
822611
871237
866418
158833
132890
867247
676051
617234
321105
859018
743915
919832
223303
294752
214673
8630
386014
617044
115711
989796
368372
103435
313987
512834
299751
597133
230719
505478
460058
930492
606589
774304
788813
463247
826621
723542
81886
484782
686732
78187
421732
807537
839459
683284
464798
19873
243195
655701
903288
745651
901534
220
11164
794979
826370
260473
195710
585555
626854
343438
304098
467072
762722
679465
433550
302482
852818
271113
41330
340732
891227
801610
123838
237328
430529
250588
384876
381696
400792
331747
644173
657895
169655
228649
213181
576353
357356
452674
829567
926308
795609
864311
161260
295295
185639
19065
478340
904883
292193
158616
163491
678623
1957
264845
213279
244074
668740
61430
26208
899469
972283
53849
602261
846445
125060
899297
131222
852837
453413
504700
703155
924774
401501
197362
387995
539435
862107
525987
566741
956621
304461
86897
531237
424784
666289
939031
149402
66367
345044
769231
77490
389337
305961
969750
837990
844399
575606
325769
97554
637864
568808
305106
505137
56470
190638
243334
496808
836633
90809
658596
543292
491444
690252
174457
351921
83137
676149
97943
309623
503028
781225
367862
689930
678127
408691
120426
734468
294847
38079
509844
59396
682832
863277
409737
421933
14807
900775
325913
723994
934125
903381
272492
898467
933868
150371
528286
431059
183957
110196
408476
669408
658745
605343
141128
773325
422612
865588
71049
216428
618399
12925
600053
611457
608427
66435
198862
512948
488
822164
305935
598293
960319
370034
840101
87802
995244
244267
214214
652058
975702
269669
963820
680351
474341
960931
380547
766140
197906
816507
874430
336960
729522
121825
995449
825355
330994
479759
726146
606384
524010
24272
308393
484607
664285
10820
514057
68492
886475
392677
455727
234355
628707
830560
616522
707858
34537
89962
105917
26883
539366
616675
438826
714767
401189
423648
674541
187184
861392
754164
101241
77902
718098
969684
117073
198424
116553
535909
947997
193752
551111
978101
336537
328143
583864
210040
795063
273413
818950
904994
395530
45547
394732
175804
181704
805093
779315
271046
610249
383909
39201
951035
174089
868882
886889
561986
858375
201797
832667
276598
721277
438297
260135
834678
934077
689705
2424
767904
856627
868466
265224
92843
903655
161376
492358
789820
850980
507285
863366
949435
693434
825940
829919
427832
133736
643811
773231
303225
683235
264010
568065
309220
574454
850950
441600
381908
621207
727629
259381
838277
189225
63706
964080
976901
738394
539582
264990
730079
797372
937257
517429
500185
398201
353450
706875
942793
900271
570639
709119
703242
724828
66461
627593
717547
559984
957101
93878
252700
16817
115229
350275
147886
376011
806977
948510
822826
442785
661310
335324
704423
613986
202668
808080
719884
564585
259238
283124
248585
507753
806393
720870
258466
152639
661789
174895
958345
543274
622895
863261
173832
718831
309785
45893
994344
978574
779614
314367
588411
212480
188700
518707
320879
367452
749387
148809
180278
626120
131153
621511
306619
581617
731587
345152
992939
578498
112101
143778
649084
436403
640385
882769
320927
126117
513884
387540
397198
644147
169976
51277
86460
3833
571821
784058
634320
629920
927680
124670
135775
742592
793472
906369
971447
384258
157539
590989
174770
662001
593855
227274
991615
253242
751627
558260
381
98011
34152
143121
434865
349782
865401
268517
377976
905652
670701
609019
768031
260286
250428
938797
255225
800509
734633
307407
601636
809451
474841
819686
557252
406133
840881
259749
724319
487475
664249
806681
190649
56387
69327
972711
958345
198567
947834
766757
694756
258585
816651
779211
334571
159793
620539
865751
921801
136201
719183
510651
299448
522398
629461
31015
572603
90551
256735
838339
64270
759946
954380
337020
993060
564381
263429
764644
161375
552675
285239
190415
990608
757419
364557
72710
687883
219166
809990
727974
873716
816941
235964
334076
398732
719711
670073
11919
405178
971656
699515
355982
302581
671505
167066
974224
341799
367703
127544
248423
184723
675618
400780
999818
509174
704549
604670
178270
517037
920924
182399
149266
770630
142353
226506
964372
223981
396885
42678
308210
480734
819561
488547
80142
944282
342407
352907
447922
709086
952233
592736
569181
47085
546107
461763
367245
257644
919553
662808
208674
447852
432338
93420
561406
278109
502293
470553
957206
696456
537411
36607
428486
251951
933170
406784
768884
301699
455198
299886
9047
320006
293363
507649
402775
972597
565842
835799
52763
205898
273931
402575
422034
739425
608542
999181
27293
904884
355040
612636
706588
407285
844384
232511
488772
775475
696893
170078
821311
675462
56243
89766
313777
105813
264939
383746
824479
957904
287038
981566
720618
238231
841764
482584
649582
868402
770256
245797
810928
397313
307502
519769
682443
26604
511418
131421
237294
930330
22830
164674
135355
810853
577487
689733
973544
323388
496950
559330
273079
189196
849468
825572
38551
669541
906330
967381
370643
190268
703736
746458
761787
568135
253102
442542
752117
311517
414539
912984
708981
206037
972704
957673
766786
450920
620833
807110
114451
297079
407711
619802
306566
448080
21819
352416
409738
199649
726039
754639
805184
610341
438287
892153
175286
673326
83403
287335
598187
672097
767947
893255
998997
317087
195911
20878
644905
520256
957033
146632
783033
608929
910735
537429
564682
107627
276946
832754
834819
772872
82680
507798
416490
703296
432346
516277
332857
779231
552920
844485
1768
683067
192499
269779
142745
679537
614307
422108
965533
262058
428967
535114
267342
29587
12145
56973
73074
779344
834437
466616
573192
699873
569998
845615
754676
24808
481654
994122
875490
670019
867604
417267
478388
98988
892808
846902
269748
213495
638402
418568
695121
774717
960603
299628
169500
622199
780203
533437
133268
37770
701100
353008
142970
33814
303989
358277
652251
887434
508431
906705
136339
346450
420163
774187
596176
323590
434361
539867
212801
860017
37654
769735
424986
841044
159227
477600
570824
708320
463954
210586
957673
675837
476281
773283
916685
306730
837277
990867
861327
894974
309924
445335
75256
209159
119640
593922
750846
389896
620281
519776
983994
194465
729297
828276
434792
548954
913106
525944
939145
331752
145156
550654
401579
703471
943272
167486
468473
524510
303395
79596
497054
508344
893987
828155
518830
687784
586183
338972
400501
244749
971468
279544
470022
579210
968536
746278
913922
605133
857586
462231
839840
970964
770006
776252
366326
82087
69524
291617
522367
497125
155560
28588
496709
268561
460340
410694
789741
711496
609989
560382
946492
788414
861680
35026
878681
642412
412310
234216
268865
573683
780519
307319
47724
260975
940009
548113
796257
115435
772747
663508
989227
280444
639206
601191
734394
901159
610984
391471
588675
956911
252657
567646
52453
738516
769089
230142
821873
50802
961517
371704
347016
457432
727546
208134
445333
569383
658668
238601
695057
407523
138173
673186
132210
44961
270419
596883
168732
855738
787310
23844
171806
879138
100106
540058
400589
404383
289733
201674
28888
104879
555477
127249
591132
21262
843730
527601
87234
357655
672180
803730
450886
975831
29704
864644
966318
233273
48681
192722
810684
118898
854167
410913
511315
550909
513574
769654
894273
369884
335017
215294
669270
528341
131964
919388
491285
869277
413309
720827
625674
187108
616468
130171
417240
785734
132361
903717
112719
633132
172748
731656
162095
230057
326287
917136
531232
82171
9125
584617
320103
179180
416536
132325
996994
927002
328369
406255
335254
156812
875441
191013
893127
934665
801482
288619
594061
169864
14514
643890
487921
859163
6937
396814
163578
320784
782447
731987
321255
602385
59742
304048
39261
547930
18270
919527
920840
916841
6015
113628
550103
746486
273931
779947
165038
510520
86460
573761
101570
816103
769172
250490
762244
186091
911463
224673
425124
936341
95439
254566
623540
432401
396270
773544
153883
561895
409761
8928
211668
625687
461435
358865
459610
62261
608090
994638
286165
923624
238258
574023
815050
641800
879631
242777
519816
623040
675089
155575
861323
836520
940239
844378
910795
356838
498064
303984
804430
529386
628720
125123
392490
506480
718902
351039
846262
343021
577516
583784
249582
103964
916199
102612
240288
729213
259640
155424
936555
878974
572277
755701
40801
639563
745744
152300
971996
215917
842335
602861
61572
52371
928719
589213
710862
430812
323906
941202
98984
410334
902656
222397
666248
952782
29094
309890
442930
967806
620155
568159
601748
280654
662809
15547
449819
961708
729788
722780
170903
414958
282740
979446
973466
94137
375029
193076
791729
854321
117553
321643
23504
652651
410017
94178
243811
495550
800653
483414
279713
155859
389911
436085
648640
536763
589232
639420
771159
644332
992683
830106
226700
8948
522010
472651
780171
341039
539475
341599
285548
405354
39118
503669
588423
962982
691291
595759
986846
92935
321685
861659
892947
834333
660931
344569
648768
978462
951524
591150
246370
782297
302804
470972
301766
478901
492988
812598
297730
205057
961683
16335
634806
128975
163800
790462
517857
929143
475843
426916
435560
90050
860042
657037
980227
628287
636373
768559
27330
118849
314358
127470
280797
958112
719818
474460
401865
506251
86700
455218
855565
246206
884702
675672
98620
464608
760198
226217
871418
613618
72887
841689
881467
650523
971981
544926
63785
51311
492759
837919
123796
188237
405533
615951
881291
406726
250684
856885
395512
350594
824478
732610
979223
144277
184162
815551
98011
932634
251325
449069
954072
413285
509394
828701
402341
590522
218975
667927
841687
148688
202653
488903
455127
330473
429191
259713
374674
500111
873871
188014
320807
880133
783037
801767
773181
997047
939857
223498
501859
923504
647710
329824
287930
796234
487110
101746
534016
882918
274651
49114
463058
23059
391978
516290
489000
704717
245959
454861
137796
852244
210841
107303
47182
54184
763666
814391
20511
419336
29404
210945
925899
247496
416586
538495
628161
450397
410345
464326
532461
630943
37922
319600
230444
750057
327936
468992
537032
547797
745197
896901
958218
231428
431767
944050
850333
968958
784011
441255
360841
242647
100399
463966
941433
869503
744738
409994
162719
39438
247491
843059
116391
469551
422867
372799
773054
141077
866186
971489
696934
369782
434313
954783
390794
493406
566021
580755
448045
894562
440919
871809
999031
537336
191243
859886
550588
141111
860878
794127
398582
821264
819400
909339
384753
357119
479524
171511
377889
785918
510758
540041
974039
812781
151516
468826
636076
647233
926595
239897
813641
933896
929258
111905
720930
651457
470800
124830
250890
510952
817214
691955
168843
547358
740074
305721
459494
634299
542491
784575
535124
24510
996304
726969
562939
672776
843259
408484
682182
378453
427479
12042
940287
264459
16503
349799
974043
849174
92015
748599
209393
577911
596670
479785
678243
683426
913434
560552
590383
939009
502984
900878
362989
963091
377829
357614
762185
449989
556405
118044
41848
666415
740813
223714
230013
644027
195063
700415
722548
753378
580120
928030
556082
820671
666438
412164
407323
86953
657843
892232
456052
120407
253210
819489
212093
59685
173602
109829
400481
177892
180178
350270
471942
298375
688707
152904
980591
347049
368157
465480
237343
644881
216684
424952
849008
790524
364766
214123
968889
875763
791944
448900
21507
446665
315770
222678
157624
542524
969777
164991
210060
315848
263699
929064
986283
72439
959080
666274
460492
466215
420856
694075
986014
997422
915297
818818
348373
768487
704778
725078
670743
968121
706715
656720
644147
271862
429353
95359
590462
56297
277004
521144
646867
355422
107740
567622
968191
664367
442315
120209
668669
429764
159146
519682
217490
261253
718105
376607
980718
47941
606321
340455
224158
744127
759844
215145
331053
851383
491364
740990
685830
424031
520718
206182
973244
956724
606640
236516
644647
150719
570975
846637
814229
361417
433241
472982
821226
619298
169180
195823
508282
550328
529140
633905
743667
278102
540741
854545
906295
994809
387157
813735
176537
637220
466217
232400
892955
956349
942816
703565
303660
892869
688493
311867
147054
105441
701380
504315
641592
112060
234540
321767
135447
572154
690680
287039
953932
687592
126369
391084
373082
