443340
96143
583220
743407
371296
639619
656630
754968
795295
838590
807776
461598
765298
74094
347702
203333
200864
614402
633543
170830
473026
962018
462727
63177
517399
498458
572975
650771
540829
702402
408161
605131
841994
887175
856668
194391
970793
262506
126364
929819
288553
388059
426307
85967
276053
217804
159603
266569
64979
657059
54515
355933
836483
802044
993546
120328
229293
729180
669923
492554
873023
672201
139668
52657
769826
546015
816659
663220
112080
702387
962264
819651
569239
770824
739311
504310
174414
667865
810623
684008
497408
419451
131582
864825
223828
291797
713775
661934
857383
612264
952801
926358
69977
731807
412296
307021
837891
867376
278660
538055
813031
217642
360489
699287
898898
192079
387742
427143
13852
26156
929635
575020
449700
740246
373520
462074
600100
42006
81953
981678
822965
759449
999545
603345
265319
710475
295588
959240
88900
380949
5295
656394
119666
921161
323803
4398
105261
239044
389904
885203
108728
900487
975837
207625
992804
816253
386758
783828
765528
631097
632126
574042
11527
881718
224739
472902
