363857
857260
729754
903441
466238
141885
846857
16594
945206
548184
640282
978655
889666
526149
659632
472762
329604
273011
232110
391452
853462
454979
883088
417587
511353
834314
25780
30803
825516
566971
561710
179869
795868
967398
832355
942126
57698
693857
513201
357580
999723
115236
855281
511211
833615
1629
113530
462460
271139
58620
991211
228385
506018
255411
280620
209052
285181
424763
82700
787256
533734
334351
971965
334018
221100
967137
232524
39976
161328
588775
182093
747806
191651
431366
200154
405226
321861
60783
907990
732681
244346
534809
250279
383422
888119
916473
310417
270368
908094
365842
313780
95868
681570
892085
381429
232211
6740
172552
547880
434461
997969
843480
649880
872634
25423
525971
460037
468899
122892
412636
585703
658785
252755
910984
349469
831163
343883
625106
525012
99927
599178
96671
165944
479194
292458
864
613460
654359
668415
705198
419829
852304
349935
220349
74829
858375
774396
851310
919964
835320
349134
413484
916975
832396
933757
553721
587458
748377
173368
945967
462686
632781
284185
506007
182615
546951
884934
935043
587880
90840
577025
876253
563896
212732
616246
801126
686843
63960
943861
374380
382638
947302
22597
218978
173106
843282
473483
705098
48481
174208
866047
667562
168456
690998
170268
38850
367217
51455
643199
422481
653814
72855
491962
869958
20508
246519
709737
138590
61839
511122
684223
500466
44564
248829
139563
404642
168554
88328
64991
914417
523251
32792
813785
431463
585898
705766
258735
524690
831733
385535
766874
589847
322781
290351
297016
265380
261537
896503
714502
923407
619144
212175
298002
141200
758898
794261
381085
411792
232140
606997
310247
822838
858276
294845
619858
729395
673260
923298
427221
736890
381522
71070
930189
926730
414618
689571
437215
129140
937174
355881
671815
792601
743962
701538
817860
945140
248227
946508
308570
276910
385102
926972
581664
457522
295933
1264
621780
457885
673243
629781
1714
124526
442905
13040
878079
965738
749363
460197
67388
118898
133043
551344
284261
23655
242137
283147
252324
931473
88188
440477
457184
447165
574146
430807
350484
15024
286912
554605
224099
215806
161764
75284
924860
741991
356928
111
206841
32761
152011
606829
954555
977687
313966
426122
172048
398858
758542
462644
955838
958555
747282
445631
399552
853070
30012
916462
307556
627077
474092
161549
501544
213150
676017
270107
890126
103074
527557
22181
174227
416266
73502
37616
360092
261132
280995
448737
967855
691405
856632
725910
994306
959378
480405
202467
414296
113354
177826
727504
327483
143738
965242
81851
942773
557242
44172
579562
10335
652024
902141
635648
600428
515918
797647
278324
98373
756881
713736
505557
329898
224771
278525
213233
395894
264162
376639
766445
268123
254099
636574
109839
836702
930808
216800
333376
441258
124042
773566
40973
383135
460191
784353
536682
431044
32676
206737
684390
839936
152287
866106
234764
740086
111042
503846
508430
660666
787914
628297
447866
684355
109654
617416
827738
5400
936008
68414
823489
191257
8982
557407
690383
421179
955637
20243
573656
732536
167011
624816
299991
923087
535702
378772
946492
45560
435882
100125
597768
821841
600145
419347
963413
329663
120544
958018
615366
856026
532315
758616
21491
731875
54903
310948
395152
879106
300588
672033
751086
931674
229973
899453
771414
140261
119587
495660
525233
158036
910492
823939
579354
859674
924319
166759
376804
179033
500184
674066
55755
818716
745996
867963
289370
985912
573081
820492
970200
85059
889443
635333
310554
759464
435603
33863
197186
225216
206062
754464
600350
691829
466134
759773
110926
483513
320266
953682
1742
891742
129023
445444
419764
593840
557681
905851
282142
881425
67714
470729
800854
152202
990261
853155
292252
906445
23086
821599
404672
472609
609996
931066
833757
734924
982876
992364
313259
113766
768368
121812
53114
625504
886443
159223
569311
405582
571810
829886
67218
545355
154487
673260
475662
915502
142637
892816
983434
256008
533998
255181
305733
155666
148817
81305
555378
2987
241980
420914
938050
437916
647652
30252
201855
119897
967036
248816
828363
536791
346890
80731
402322
962627
827799
415093
919880
840079
998967
825591
69561
169607
447543
341596
633851
540744
407582
473105
643700
790343
752784
709370
861391
316730
565282
680085
50315
173234
923428
384979
783010
668904
572985
451858
159061
276572
920515
228490
635382
546606
119862
109602
738319
305351
248636
636902
789567
840163
33170
52992
554988
625805
668086
682824
701201
799434
917021
842444
697315
375768
602897
292313
37193
659574
455218
915538
313232
753260
162946
993651
263668
824056
544905
103489
188471
26789
686142
170974
761096
840026
910975
733457
874580
447046
754439
417659
419896
410032
338472
255915
910457
670016
439495
865692
583930
143186
400324
807141
354929
998291
259143
647583
856653
243394
74157
818844
539082
620416
317559
87992
241352
704235
682650
11956
546479
6767
879793
367454
147451
954074
42035
746844
768446
670745
324756
62219
685348
118703
794006
943332
334734
844746
259612
121966
427746
964434
47406
324354
189642
730627
154446
992591
238809
281968
137004
645846
822915
748551
252287
548927
776226
796507
479004
221124
968098
831793
738946
217342
450270
662020
83751
467413
203130
885638
819729
618322
951695
11740
998841
820997
882726
787288
775601
413666
188513
402172
212111
274293
338810
122580
234409
670248
653282
481691
800256
205167
83274
295263
115865
25586
234904
841625
817337
3270
554607
710852
435758
623813
76703
115927
152419
216037
322775
497122
483124
134148
720137
111967
342190
389363
69074
9811
126170
913784
672653
213821
724760
318891
362945
983881
591326
386146
305811
522463
730209
373473
365034
6848
257947
194836
912296
871369
372615
841014
769442
460495
466206
258477
295817
418166
577683
980479
737268
92739
701188
684696
589479
640613
240410
221605
324671
531566
708566
17776
734810
969730
784589
425856
722328
173797
464096
8503
48549
325103
517303
383859
3392
650026
792705
546579
474730
566094
287401
938389
157481
547847
578430
945691
352194
599940
14871
867020
36299
599143
442272
717201
842371
494606
475767
567830
919532
687449
341241
8510
159466
267676
115512
361891
662648
979113
554085
486151
958796
843008
818946
937579
608886
913587
225939
336066
178122
693531
782900
766636
594869
58177
518905
606939
233775
816556
189045
548409
465354
737819
793863
860423
848335
193866
511388
929135
330056
255807
48778
675512
222810
499407
828341
773539
616766
44640
693356
46575
765764
583218
580116
667521
686992
862
53517
570227
918520
209118
510161
754981
521051
620487
484331
730779
451043
506682
716972
902575
901754
121990
231999
170319
698048
160306
237306
482708
897349
428373
106513
897112
586252
946311
870678
102027
158488
385233
991541
39768
59277
260334
149618
970014
53996
342803
531351
891818
901933
868344
267829
100891
32561
368892
214540
466475
617950
985216
336999
244222
626494
32531
896991
822596
976153
362155
166600
648358
468764
757596
226481
130076
265297
774204
375458
820939
987488
97529
466798
352909
505514
437348
230283
998662
392601
671690
833630
859861
372186
756718
3398
787371
244903
820134
937189
27246
396216
657808
546828
429348
143378
897277
420358
21953
619786
12420
215179
277855
984188
358161
642922
693396
262929
535765
598708
489710
49252
732954
509196
785462
829073
352931
265764
944183
917481
165938
880442
258399
150764
492131
179631
287355
368982
395115
834648
728029
401777
852663
405811
83215
830123
372233
580203
731133
988378
207968
87344
246224
194687
321437
84557
648560
227504
746918
946964
290408
737177
94930
797823
184510
958990
844024
95481
871815
553806
734044
275778
949397
764824
78199
263690
557214
317361
53088
804183
730784
375006
170138
925675
378629
124166
493450
850260
194391
588014
691091
596508
941175
981865
983111
471360
450843
997155
613909
778707
776043
491686
647625
54967
956771
320650
655216
265861
882350
788573
579941
234187
662092
394743
990977
596598
616445
698494
247939
387661
674965
347603
782661
960404
777330
359801
937837
752749
348378
69884
123713
198237
661810
943409
595274
269202
418919
840209
149279
44704
480001
235618
857823
704994
578879
871788
595209
709272
992094
526771
649178
709958
318029
625264
538765
459158
941405
775284
588342
180713
63565
173914
148179
657616
72703
136774
630722
966629
518203
63200
522429
146299
175705
56732
7937
59112
34206
70908
682708
720139
40384
686889
337885
161504
365673
34582
879840
956217
617472
46448
272547
985473
888858
410081
400938
55208
937420
167089
209857
757268
879800
85621
536962
22627
975544
96270
966172
723976
284008
523027
613885
943314
671689
647611
610559
37217
756584
71709
936022
941117
803205
70242
255775
385329
480349
287877
256034
749728
574557
859939
798909
629536
435877
605895
96369
3873
519510
581126
311470
175427
276193
260730
641735
878497
857062
115450
63246
318126
304382
219088
511167
997706
549620
123271
428109
593606
602696
798202
897949
311431
126980
990806
879628
327693
180293
430538
664378
248414
627059
584330
672890
102055
665857
8422
168765
306097
747085
171844
537038
171086
728872
81795
304937
134117
615478
845430
511790
679624
586278
298841
205383
681685
687908
597121
339778
700847
105570
238293
773167
621741
402277
891989
970885
852822
404825
295312
480448
138529
855229
240393
423444
184789
183129
742656
209204
442784
331197
268521
668392
247104
699450
82745
360097
103129
881597
868027
28566
636907
928210
538117
775770
622796
283010
52400
616575
349233
891941
223526
204295
768113
883670
245679
216480
963376
751011
328815
837551
413564
659952
532870
3179
783816
678824
482388
872544
448433
361252
333670
758495
292970
567204
523668
556843
602589
494077
245709
42323
465019
212663
353010
71793
737367
72916
271020
907267
44131
60908
857300
558078
386569
202607
118553
700533
447947
146574
815329
747427
435936
588630
328885
15309
565580
710076
350360
430943
299469
130323
284572
684559
719839
368344
346267
509871
98073
963805
323958
209213
69785
987843
376499
919792
511991
586250
22072
770326
901810
634825
586058
722208
641134
190472
194490
282359
883448
470742
988870
115183
49558
513336
992390
323664
967419
199356
59990
437721
370643
521876
618678
514793
973992
288557
829049
293911
127689
236926
403455
682157
243453
725738
484636
616551
586168
135616
133936
33762
836287
917921
872206
440648
633936
191727
283587
463903
30925
637510
595166
488951
781855
347430
843816
137090
984448
960134
249516
189145
177685
427962
377017
441679
995390
944381
18879
593979
851554
813776
183387
861327
357334
832190
314128
855927
879117
291123
475602
879918
959725
224014
443205
561028
38591
856544
22661
222287
873346
723620
131726
473372
193670
500933
786459
110672
530445
162145
361667
403676
546803
479267
325218
322981
559348
413732
301766
121195
216016
162715
600006
464863
74228
960659
422281
884133
281194
833353
231310
106291
326239
177476
863251
195185
906648
895645
311392
384575
731964
163694
248011
389369
336308
839797
264351
492839
306974
673157
461465
317319
108534
604685
363001
870486
788980
525904
793173
442721
152700
755252
647929
758025
486072
936558
244275
979295
975675
657663
863582
78815
314499
595307
300178
990582
510966
46989
651627
853886
213826
509129
510615
588320
522075
214041
778808
468918
548357
42459
281691
691393
608633
298286
893981
832175
255493
616226
419127
947675
611156
234161
461992
716066
750033
296237
388291
551218
952024
135085
138213
142325
803602
328694
249950
826672
819366
821791
885535
65283
752283
402579
389749
512635
656607
933739
52797
470975
179464
664356
657177
561494
361256
62252
102225
21443
672417
989558
765428
374888
560009
95029
826286
34805
562242
747902
187176
439575
232819
642226
775322
738183
154418
612441
183820
973706
130340
799373
798337
308311
674729
492629
521801
588810
954296
302841
461608
455831
143046
430943
954955
485946
496629
766550
740151
486089
907633
233544
762777
602807
642679
71893
424533
761454
170038
422696
252881
28817
173771
298742
489616
138537
303565
125880
673307
954702
823379
965043
418178
485937
638916
443759
340268
352512
4521
125450
574928
435744
463539
724081
272769
529078
29359
381197
399090
907325
725699
874021
850406
704944
964001
311113
606990
461689
936624
814048
952714
248987
839197
611234
840706
363919
675970
130884
699415
894119
40246
100188
792656
450987
40834
356127
977704
140614
458638
840551
822880
696228
512656
708021
125865
954510
98628
288120
351412
31399
945092
596627
355861
40677
84187
396210
756513
146347
61814
941149
653737
631421
204772
604570
95479
703861
136727
605243
887348
657749
486344
619070
89199
502634
154293
220057
851931
147776
46986
465179
456283
547512
718397
362508
521168
875540
208713
105599
491092
728629
425447
266507
618432
411553
62033
98951
204752
218806
334635
611759
622275
507908
351140
788398
303
578758
159327
157100
648057
605414
417856
81153
350082
601327
53799
666651
68493
755830
769949
60048
421874
860434
417398
576221
795924
936003
834613
644694
598059
478336
557914
331294
156573
824192
251141
952642
278869
150857
48128
751180
658894
470597
647471
522316
724359
805584
84216
902125
281226
761666
162320
646804
230025
645412
753032
562907
984580
905832
806557
534807
301372
834529
792742
241997
635395
715453
856143
718800
584119
770303
156397
822319
545833
683724
657375
182656
4664
591221
734802
361519
422563
118336
658766
950182
115371
393109
403447
168574
396983
109337
338038
216416
583213
97562
374525
287845
54436
22559
557727
596904
374695
239031
523018
346609
30591
364525
112197
896056
678139
61096
708512
928001
954866
236407
886385
608675
95111
110017
445297
97622
536430
437302
411804
37451
198480
561170
933642
95812
904656
443752
754963
656577
997432
118429
782330
920360
120707
530919
404585
596211
975007
449815
923926
666217
631781
536178
182732
62974
590002
383068
449054
82986
509733
854750
611331
692232
693976
119850
102894
674340
897377
925019
778265
546689
752104
784686
181864
433129
786572
146489
512115
712209
451723
401003
40289
226215
132028
821821
32398
998890
5944
416207
517394
209938
74403
267761
205444
565183
725352
985626
47016
228343
658029
680026
303943
85544
886618
210692
76567
163440
207705
551991
479773
108282
230938
998388
914608
819965
192427
289259
49784
570780
300601
687565
928592
370307
931620
354335
742514
283504
128300
537990
622668
95958
238580
854590
8388
469066
426911
802968
116706
902304
423248
442987
302002
529639
176017
741395
676848
640059
900219
102741
233792
788688
479681
106556
84002
648947
464775
588110
719780
76401
291281
257452
47750
633470
923812
983264
759777
195556
549247
230976
310843
806550
704287
783317
190466
173939
441475
511612
427590
205726
840389
566195
394585
887532
171891
202155
259189
447219
596836
269659
986243
209286
833322
758797
693448
95112
64992
622612
677202
219203
539289
598809
662555
382295
180533
37290
811888
477582
502849
785926
78497
18246
796602
745810
212670
277877
316485
932951
925872
423690
708893
548689
718448
55683
123891
551977
94609
873725
960826
532660
502045
830728
332398
777778
845916
960186
891649
977024
383267
177034
100781
722636
426322
177835
565299
527185
762120
795956
414487
995574
242122
12937
756806
940427
545889
328962
372403
993058
721002
816340
849867
68007
243008
122778
313395
562417
280914
672243
874282
907718
743134
166382
565961
375903
30856
35543
996511
36117
724389
423361
583561
670520
286926
369520
18736
576679
123881
813486
224436
236464
82986
363590
804851
367315
617134
352246
69608
224357
273584
54346
323620
62236
62042
485806
11430
938243
788742
680184
464149
589343
771217
249972
249030
370063
136186
196846
245277
107907
188727
14546
906566
322280
893171
1099
767157
210567
834901
213144
333168
403291
358502
951245
550536
231385
635011
666972
788316
524369
378195
381096
617799
559340
410969
922979
552974
786527
996361
785070
904123
312299
523326
54361
779282
956774
865785
225568
20859
993904
502567
951591
156241
805903
710204
999141
999549
547947
172833
241479
343865
173266
744304
912735
2303
455923
863965
421798
370638
444719
523887
399632
200759
378335
588103
609263
54520
340029
598931
261325
132260
298518
867889
904875
963104
673893
878278
847494
601010
462605
677740
118679
913947
796177
749137
11386
879896
427858
707533
957244
508836
597954
305356
492853
121633
931474
313479
714319
678328
219542
617013
488134
856748
111994
553359
882498
68973
832131
876467
521767
13980
322551
584967
877591
222763
61125
741100
10878
968131
940215
922127
350043
113408
22767
660779
667016
536282
190156
861794
441812
325065
24160
467836
890038
355274
829996
748133
150207
811311
779804
60069
882488
867111
107864
756635
397168
680099
79624
236974
206553
107547
935391
334390
770359
525169
188873
263987
772257
832823
219317
528332
770341
769503
283376
765714
430599
234403
602884
637055
24795
516182
817547
275880
882774
37903
857295
782995
195611
952726
173862
556640
835708
117194
341128
946469
379248
511216
711975
912866
777634
692802
329428
382855
922081
824608
97595
824316
924497
93879
950871
850229
407195
553214
688281
684538
257790
489280
508673
517467
699050
769322
430000
542837
185675
511624
587739
569802
310081
177139
896371
743018
108740
361426
380956
138471
774729
704489
772272
748281
48802
12252
222737
353043
320498
496167
455161
296759
7815
158810
34614
473789
556791
109003
697103
600334
153859
105948
145741
525792
494509
166693
299876
973685
847731
351329
575467
209093
466566
976913
444120
230208
857443
40675
159127
178963
208617
538095
396284
691663
819679
100803
375199
743384
60107
166880
185224
236979
414705
916843
847775
501415
311806
899835
741850
88920
268415
118910
73469
153621
425673
263595
421389
296327
546099
573129
884617
411972
692437
363730
375116
345745
51885
886883
90437
38265
3603
464229
517153
822022
520888
916544
707476
659273
22065
14753
453794
759621
90407
65302
762086
278554
660927
619568
697286
516355
77507
207312
84038
13494
328972
901491
54370
932717
449636
747619
26760
640012
294129
143152
674665
533722
676277
663605
23198
962178
868892
969530
641336
782550
7807
929905
958573
455326
295924
133188
487561
700058
261883
332533
987405
319465
539749
103963
657284
830113
978504
442267
412141
979594
232572
952011
455572
931472
730947
540203
773364
601899
789719
170761
607359
657091
661016
660759
59042
107031
57960
412773
380513
435474
842782
528509
792468
152337
517865
695
193857
468892
268115
530326
592159
693262
926173
763736
594589
361208
192688
882597
100515
840721
102172
345643
854663
564003
865492
491297
386623
411394
272219
370965
931772
985242
234298
99273
231300
348835
47584
571081
766025
436886
891675
416740
187983
742674
182104
494281
648962
640029
610180
598663
383005
328729
839885
976026
590683
393816
243273
850496
997230
403691
364322
767382
457875
206061
790357
313206
761502
807407
907582
253809
648224
846696
931064
721846
961889
895305
494426
521115
35276
863492
803513
209494
863966
234666
300922
637539
956278
167100
605792
209423
668173
351042
923519
960732
558509
793658
555844
171547
985688
269296
775025
294810
927445
254579
897247
83348
837373
732356
633429
159109
371221
156122
296380
146775
319936
582398
753114
337226
51294
714734
461765
333025
380507
402342
994502
331430
86673
220881
950472
483565
759993
455035
110891
658520
17712
673519
542818
422704
200597
578044
247225
163772
473991
870249
537356
277660
776931
972752
989248
262119
705470
815184
641719
734871
770895
385966
939329
799189
210497
143173
792782
982685
699409
816016
499220
397554
303814
524934
896302
153163
644986
734018
684642
474352
899697
994220
672787
895830
926200
45945
31072
804133
474514
331930
314601
61032
456953
786166
372409
363418
818715
712336
68550
119605
490351
365750
701707
320770
111640
909144
936209
435298
849263
776129
491717
39620
884401
384441
346702
607801
982657
563036
699424
10329
1000
584068
285973
208843
480449
976351
572303
869088
613720
17868
1385
625308
106756
810775
965188
265060
279067
701712
893330
858132
428749
208182
448465
884673
510082
1508
336728
14936
7481
333616
480828
264109
115928
942707
622547
770340
839089
212262
63550
460172
197485
627255
795003
927552
654328
226988
432733
321315
362849
8995
606041
634591
978294
288579
110347
877139
452110
55210
312830
903059
636624
424974
31685
665217
99008
576771
181684
461289
490277
91225
725261
80364
992797
689838
276756
340196
406751
613200
223861
394563
968803
260624
558374
628253
239037
407926
615078
3047
715521
357366
420729
350517
102499
348108
18136
777841
473879
219344
886516
532610
822072
217156
633885
909015
370277
71663
518400
436239
696478
228448
680908
578341
807942
202727
651448
952284
953997
624133
896689
544247
364567
994261
416231
653920
181823
852560
176787
869123
597126
126722
32804
975681
774187
488508
88998
866596
693549
500830
88809
564095
752976
116111
410824
318472
576337
621089
269261
446782
910183
24029
447001
545606
238373
150500
518660
337040
941870
751808
663992
971985
861608
52937
970712
253089
174307
433602
31813
112028
995213
94071
676691
773888
749761
432281
251989
702967
503770
15719
250800
425692
894593
625054
610484
886480
925167
356041
599081
888486
920529
168291
934996
246801
733693
508457
766542
509781
695834
136845
930110
808135
13329
504156
688538
660322
743619
544181
973334
943738
814999
594372
519768
499767
203601
40494
281354
941877
194388
146929
447973
474381
211830
193137
184067
325296
811618
429638
608050
902087
264495
639843
335872
958775
276274
269310
537449
417013
333772
764535
784972
719214
607486
478522
283304
583955
199254
119535
306948
130045
916577
694575
369668
995032
891015
481248
624821
583657
853336
954206
173044
331121
586524
676746
776957
752657
800435
723912
160715
674346
257263
447196
762601
494688
735883
284454
48239
672819
418517
945562
671664
85992
280072
81924
676756
488628
587077
634277
248015
20370
328167
552851
269232
877579
363839
681565
667435
134807
703436
835830
563384
881560
528476
177284
119873
951755
201195
245381
473954
143736
545059
754858
932370
528594
137304
125270
220824
151300
669775
142670
643779
61507
560586
85736
477855
991572
738002
966834
788508
326208
402246
902320
292618
933860
253387
926080
578350
704440
256194
369444
54423
378884
715258
313224
814675
425213
682161
986209
840914
998906
678833
107220
84094
676669
993334
645449
487704
49377
987288
329239
192918
233028
731290
910454
644832
297467
246576
177657
286748
745157
353613
273847
869434
754887
846175
367498
606790
628174
93869
858293
993862
80173
949901
846740
508012
502892
952089
808083
266625
139854
136478
565589
684923
296669
54184
577525
97008
692702
24332
645254
133835
820299
995216
845306
690114
939945
438313
199982
427477
387574
388638
392637
125048
982656
704235
602028
710983
795572
381940
632187
309418
853812
517490
872376
878804
986976
140837
525726
422108
411630
931397
181789
202731
65136
161364
892513
133782
454707
167909
189710
524104
219242
35452
446173
83724
683953
219219
99661
73649
592414
353092
283577
930951
555556
249117
781812
700919
595174
802013
265649
247144
20198
418539
581652
486824
238134
402156
871594
356055
279977
330974
350918
176091
917835
400671
69050
454515
335827
656584
762336
757125
293667
15110
329109
950904
678761
952852
137174
179643
372127
864369
84846
422245
947210
78736
325838
403896
946841
912260
584549
568755
996038
962789
411078
876109
217470
143010
974332
583388
801403
643790
876495
78954
202019
383220
246847
658173
706677
908089
931226
735142
31341
497715
185763
655236
973465
927076
211100
781124
157040
351397
935764
89011
765749
653457
439697
765155
238536
846866
391811
426862
540115
455498
527532
983944
788715
83108
568696
790190
527986
52526
566353
3939
555160
116380
565486
521159
440319
128215
246591
72111
275572
231982
294549
369574
296247
92396
223186
485201
474414
918038
453071
356661
384991
766256
86011
252054
976130
779678
618745
964401
869275
895324
713151
698638
10095
31654
208811
632322
916931
18601
755468
329906
340397
547948
318770
223669
163869
847997
707459
918030
136920
642816
6580
508826
230025
612871
417066
682276
183182
425296
783422
394818
98739
801954
337072
238153
327000
421006
430495
789497
924662
941639
337117
19279
139532
109853
493502
837310
551149
769955
434493
882665
939299
304743
813810
15730
518128
516055
984696
539546
444820
964796
215536
990077
353479
243972
416
385284
94370
725608
117099
249978
148190
492064
257772
436890
514755
790977
49035
54071
491292
634137
46922
737958
885318
762232
93833
412218
426770
653263
142553
363677
889560
975792
86674
145013
610485
101664
962990
823729
704612
956599
561863
72660
612819
856214
955920
197270
914107
87888
565546
402295
601191
327519
93314
398736
77041
663137
813277
727804
485370
697392
869327
379886
70930
963197
873788
958551
607941
886354
573748
500004
637611
6308
96518
424278
948775
55206
355388
650793
876836
175994
836948
74949
928330
81072
73441
610372
445284
840509
330901
408800
434697
870937
891972
647846
558392
457463
380581
609824
110972
171862
822852
558025
664749
271973
938267
335428
461521
320187
200148
331398
627268
814317
782172
991854
897515
968055
942119
743490
348914
513965
631961
13167
917281
908499
267225
228579
285824
895222
589393
433221
787960
180854
299615
36724
775113
219671
449109
601802
221874
268764
967509
722318
263457
31036
540507
127973
144170
357812
725388
575888
14075
48509
99457
756333
107615
648187
98190
739904
562495
112468
904244
729849
665362
60738
118931
493681
986148
784632
631165
161597
127210
476354
369816
31750
844025
165205
400560
427450
717016
501972
46010
330664
610610
545951
581867
530954
445702
533212
725455
615028
903317
590438
409022
717649
617662
496260
662124
366335
105272
798571
344234
63262
550295
48439
65198
190906
800661
515940
388259
479018
850585
870009
744722
196713
891319
438730
325113
380160
975986
459997
829115
857976
8397
177904
484218
56269
604640
428243
136663
218704
597002
22155
740715
407611
744849
773633
92040
183132
661686
877825
152263
632327
621657
818978
61470
425273
289994
890103
633858
694353
410095
529157
209325
136353
778938
649886
302447
48660
378768
436546
906846
519103
896107
316714
743103
525766
333510
742370
264614
132435
931186
514169
805392
654588
925517
912196
625192
113404
817825
747859
242182
764687
795527
36751
366016
306094
351525
27878
328372
983499
238192
747367
401570
75335
840901
594954
261332
786730
842162
633606
244215
473451
449190
347661
458051
954501
842336
173142
792055
441886
579302
220089
76738
82515
945069
958399
89562
479757
667172
356880
664242
413137
810027
263248
990024
89871
155171
572408
44042
820383
730327
471716
557371
185101
935292
828074
724535
849209
496247
566450
377241
661806
561668
542730
407574
606750
212730
247326
213200
171124
682910
327119
36519
734794
643015
3905
303412
803085
285812
82527
924731
848317
338911
905153
959855
153914
425361
632969
388483
935643
341263
588000
315730
888294
483963
628887
973462
358113
839887
752837
611230
210366
776840
633308
709639
37762
808139
740217
253428
145090
847099
333928
163859
443322
642995
458221
936221
7010
858116
647684
360177
691536
197812
343438
62514
448912
921663
616732
65900
403651
661990
350160
241172
453596
920781
202239
979296
294282
558121
76067
574610
556720
219743
624193
377645
140350
610555
712592
918297
754681
906572
919575
924291
167066
110167
495943
661661
116590
382305
608185
616546
583690
553599
746275
321525
360475
123420
830878
737258
296923
404363
746845
693537
92698
811720
845647
66142
807410
133159
756139
373718
423057
419645
959339
439335
700558
485569
485157
651569
595186
462391
375280
271241
385091
642771
363757
55768
351548
300621
352118
482372
470562
574578
538418
389603
629807
491607
867362
874464
303594
624750
915798
293947
964310
919336
780630
156120
23672
213263
697248
719191
244911
18291
523240
202259
578349
826857
965780
170327
381810
339746
827316
377707
517427
604730
663802
679190
532425
905333
856977
427898
865370
789265
170560
750982
790927
947602
179712
548169
896142
26208
223688
404269
797001
226698
797116
392254
198506
171234
509900
317759
108502
135301
89582
60681
539324
288092
364433
738201
905532
637982
469468
123468
445104
326667
646747
529705
786638
205962
105810
741650
56992
272735
75220
869972
175725
609914
800493
901311
860835
352884
291362
33550
58828
602662
725270
122148
38055
990260
707481
669534
813444
849106
940748
148637
843766
670561
833488
574018
997263
666912
412395
394734
452181
12818
982210
93448
664814
206841
714454
413377
997510
169409
549291
247442
182215
919740
820688
886871
136021
927800
944577
47496
60792
986886
359131
186483
607780
99870
391662
405285
655902
260405
304329
700388
330129
637781
486912
418304
20442
792920
7460
34380
890119
974482
393815
923636
636375
587378
456806
654590
612699
199548
584316
360997
230139
766697
876325
1178
913967
536376
425964
266068
65867
178309
976351
893058
314937
591586
794496
241264
183200
845729
660760
547191
980429
89223
836284
657888
980235
251917
475317
608151
59779
620643
226586
235541
794583
20364
282045
922419
437709
216528
80254
547993
586711
905834
749884
469763
527501
222218
681522
311234
316554
36029
982901
156690
694198
302980
875188
953109
855576
822930
578675
766118
444106
911386
2612
730132
19274
699344
398463
991072
761871
444359
393294
105772
234848
286315
912155
698277
971566
815322
570503
861775
709089
501786
331923
925247
556208
601549
874743
859473
440153
413708
107402
795048
14186
114362
875843
570550
888395
304812
478430
261700
151428
834820
199507
403264
690953
945566
519956
823491
847768
688982
224479
279456
270767
969896
378101
291360
473980
89878
349523
768592
919778
326192
424825
833943
882201
601307
223898
514380
401973
902235
913337
565638
619214
801730
493567
473599
377346
77748
199948
105005
446511
244369
66661
472343
170851
243772
282267
892591
624913
908670
316066
662762
959305
452691
795465
328266
341200
844517
105303
506095
882287
237330
724424
79546
404117
406094
111406
260301
107601
160805
367842
991810
857557
969497
106482
287143
342278
142348
235596
272108
619354
51053
612142
889411
537238
445249
980548
319576
652498
939237
901452
40842
470064
129690
158906
24942
882120
632561
439388
605
1317
190606
442906
593535
657892
795342
691519
470479
547256
285401
934202
754789
538164
316046
466151
968857
502964
735354
713761
176121
403071
267038
345221
362600
300973
582215
995181
299429
233344
744513
108852
880285
424690
242540
553494
672410
3525
443765
402157
162307
800429
493447
688601
937095
622334
597936
471421
761524
354527
782197
755494
659615
935738
228810
503653
650930
917098
960991
367850
85150
587843
394193
82855
183025
518430
304172
243447
561974
793180
921254
733149
214789
497731
602120
811003
758952
588461
987994
269974
700552
362652
518755
694959
327575
457122
319229
855161
595962
99645
710545
807992
44918
710580
35319
504950
561131
561206
542544
306004
856803
482894
875983
736848
325395
725272
148789
363860
428266
934307
161530
591267
107507
882296
308572
24576
647195
133449
876707
285335
484258
599259
492039
153358
757869
36527
923971
388244
627962
745424
869507
4387
461387
4237
790494
823008
482594
364528
901450
403640
760110
543334
641833
305832
584170
389125
554750
3884
688148
902004
248123
326979
608101
963665
642141
729738
390374
674036
738382
63728
185134
87094
821695
231078
208118
53788
919001
627216
251366
697386
175955
986846
698107
594079
885449
126832
825126
431421
533221
662847
238574
692016
870988
914508
17605
802334
725835
40615
689667
145134
944597
950468
746864
822427
447825
424349
36761
344520
943371
730356
82968
153443
456458
543074
266809
162407
855575
876694
920034
289715
905539
64624
375316
117094
858187
334631
234411
638481
969897
321292
646417
13360
855962
447234
761040
179257
802107
504930
187827
766797
352817
265556
974274
913094
283591
912202
115862
475642
473262
82475
814987
849165
743433
579675
260232
492523
901825
435672
765525
286329
170824
204165
350473
442793
322599
358313
451043
920679
118488
916812
59637
781882
742484
979926
75125
799207
374758
492522
551977
903226
27223
603996
670325
71642
822411
312709
625642
64642
409496
330488
763228
705962
955784
486419
46711
892431
509491
149384
702471
140171
196428
409041
612338
658646
885904
522524
328926
904724
207766
304176
490722
434144
563252
824087
354857
293286
334278
172370
613654
674947
808839
99928
795325
703795
758118
404694
984286
437419
807030
135996
516873
353858
506458
27561
506861
542756
596255
225490
525705
311983
627624
794333
53240
540183
430604
36355
78268
178784
350886
552756
260384
349505
240997
243219
145231
241419
723365
624125
679320
942344
534024
528495
34538
962421
988636
487021
869933
862803
895752
963471
969026
891020
972966
892287
796466
531066
223433
965953
45039
211296
42983
763411
582480
221693
826571
807885
462506
790535
281818
97281
793478
858261
384743
183363
469478
10342
517331
371728
116850
896054
691290
22486
275485
199089
168628
46565
452091
531264
356951
510080
766588
620978
359044
135537
320733
448679
807277
480166
48199
697780
523412
310248
887247
179836
358568
897417
929021
498844
183405
203396
771861
368452
28345
690373
856324
664134
687794
166604
409924
457687
681450
151661
635966
496407
128758
359946
440774
735622
859208
514853
472776
442765
943329
396655
627632
149034
146725
91318
633463
458212
235534
192413
708559
130355
612924
738480
383900
546814
195988
865292
104370
156005
664955
993719
386703
769853
512304
705987
236098
371310
862764
633367
480345
665371
3616
610042
386146
868165
120242
345702
183789
163994
881840
576969
136324
692019
836462
782330
460598
815449
669757
433370
859326
805337
530815
146146
197953
848587
290736
193670
398564
499353
873807
198475
312035
890424
71183
871138
458969
459012
169763
868143
653268
720788
521611
626936
873639
703298
851897
84141
596957
202353
730275
128789
914435
96074
413117
299343
570176
515654
317130
154980
614732
29096
640038
512686
545502
943392
606053
28157
74965
889158
326757
958606
407560
117186
820388
109636
89063
928859
113009
517245
414008
444579
476935
331991
857526
669935
802685
518617
303942
175371
890442
300827
965920
290365
800517
93950
812107
507338
53183
628537
243415
930094
283162
676973
316555
768610
330773
107760
869108
78955
72726
526670
711611
827928
493645
483136
495493
547821
855628
672086
843703
683345
23933
504839
729981
634154
142036
507425
311394
183484
161175
220990
244209
792481
904803
228684
830192
468770
979151
532597
915049
771112
676572
509028
851451
699735
863014
502376
926655
510497
692348
373010
289742
167450
891612
729763
539263
666141
161634
530262
579696
469910
436482
941825
596075
82430
283942
140604
815721
394073
686086
846210
491313
930724
702610
658309
395427
691941
132458
371237
576062
520919
316402
291349
909688
341801
664904
94891
863390
249368
121914
992252
778412
793278
137141
150424
349196
910751
29178
59437
509081
454958
344599
889639
544404
917559
127583
666410
672447
418231
848578
677627
763039
153003
560917
304791
541844
824037
840457
145098
413320
855091
160484
627036
786471
590289
887768
681629
601817
789339
358397
799570
747642
326137
935095
208175
26072
819041
382758
838266
861315
373621
628453
527128
823410
493620
651706
279007
132565
929390
640721
794964
934862
606391
305171
288105
798747
819364
165893
57997
630668
264772
831845
878199
17312
685014
621182
25845
347693
796702
382289
317809
733172
475336
255716
232734
686536
337926
581768
552350
971413
824035
139893
486819
820033
870712
41273
762991
511477
478995
284812
513033
234841
117383
519150
31163
49638
742756
698786
712950
801013
10974
932290
561169
208370
842796
189400
398911
609678
803990
723414
919763
372042
816691
6194
728480
507498
671217
978675
162723
23022
183681
697214
977153
729105
2568
355279
340874
389885
251702
420160
760855
123469
14992
99243
817357
348348
196690
674764
522577
871079
815556
34249
622613
996585
713954
476882
418952
70645
381733
393123
176915
260369
63431
370017
818604
80660
74987
490402
803695
585791
715783
105366
617881
296969
451602
233608
561256
877170
499996
383509
389823
348620
48272
321759
281948
570750
819411
765259
386151
890065
159610
895242
69741
690980
987654
113239
802988
15165
702281
61036
800682
713868
456591
56967
358804
352167
454580
165807
851115
801858
239715
415773
251707
779047
641945
210586
802052
967859
337262
408449
343743
739651
631076
13289
955715
216956
223084
364616
794149
370652
945876
537700
318652
86268
634677
660408
302930
127581
782329
117998
519680
267914
559715
428212
549729
283373
294119
991481
779991
201813
841921
106192
466630
974291
186938
382638
144090
588116
350748
983680
288918
133880
62871
312932
973629
683659
97405
617967
761248
989840
109105
491139
210301
766946
64561
620474
747800
760643
468697
411994
544665
910057
588341
835957
476137
45202
668168
829117
343228
468976
651372
22811
676789
839994
254593
680697
995921
721156
980477
273329
126899
46014
360336
472756
444442
373470
179749
150909
944341
530118
819611
705023
900095
323552
429841
978100
491663
199421
881808
319675
585651
584581
8837
633545
593166
393680
520218
12967
500524
612228
560041
853370
267752
83567
605205
100928
522554
657655
282481
354266
837279
896777
387668
22538
775393
618095
376221
992341
451655
512787
847103
936673
921988
589966
220509
297297
645078
35639
319096
69318
81327
516204
588897
860897
10052
984587
908880
780891
151963
912083
536842
408820
10710
860433
909180
170314
167255
720749
631831
698630
602117
577917
154228
380275
267326
62948
558398
864061
924078
245644
515142
212262
174491
439230
732544
667980
13341
784413
673348
2625
153132
102171
515852
474786
960456
746594
511385
920760
62955
949463
863421
26005
749175
35826
663671
718174
422936
956615
493099
236305
713591
547816
22309
54302
984081
943749
566879
818404
27037
725913
299932
16498
244532
551784
4590
641372
308626
612694
68855
242494
446944
358252
479291
623101
216707
895946
541241
740279
518695
988493
338868
791152
827833
329754
827932
634438
634158
404893
927216
510621
955167
764961
557018
676860
419629
77975
8844
592009
165932
574722
730273
701108
319431
208963
823115
441839
185462
28165
731979
6502
327978
650870
368745
263765
404136
176750
809744
320693
989205
810403
557809
221991
776604
138560
533456
979646
780488
323467
1047
942935
818211
143493
823050
981867
784247
614074
381331
130534
28731
945290
77176
385981
830931
531203
306176
320371
977085
142954
978291
906150
778836
782753
267266
430686
561305
47595
630566
681437
588473
383137
119780
967765
567538
260837
934452
848774
748290
449843
258988
224175
970447
576839
252311
931274
994597
472088
576274
821510
430211
243290
939307
323358
165434
79031
716638
364170
902143
577563
628275
413958
434543
880710
326660
159990
396473
371803
154231
727159
191502
978659
63283
880309
563910
305275
159430
433911
234511
274370
758440
385348
520912
851888
871949
669303
282901
825850
917689
260737
214576
53431
321553
44010
713952
737210
95221
500978
600357
455696
113638
506416
899999
936731
719806
491683
229525
601644
672686
902492
894387
255447
424163
946058
405998
173801
652065
64400
800051
794549
853017
662333
256645
186493
798080
106813
247181
977771
667391
487957
487841
17002
396787
91109
459680
511948
797088
993826
453561
257763
691722
37581
954063
501284
80389
542660
778047
519864
798556
442794
679248
210074
393015
724885
566656
164880
917742
28591
641369
449570
171084
567599
316987
981972
932267
525946
424924
930914
943309
267808
447820
214197
602996
898654
631991
287362
938975
856297
511780
99800
422887
640184
181420
553924
127487
67903
492027
478846
642281
631699
469221
629468
881517
771562
961646
137973
291106
296697
401935
359539
573565
979158
480392
790702
729285
687071
92154
763937
918673
634541
832526
457426
884359
513909
134020
873135
959428
426012
895954
375728
503500
586437
287461
975426
989603
102292
88696
630656
327749
127131
603511
551095
294823
356140
468166
742247
636317
79286
992497
550624
489597
315213
472571
3681
291964
565710
186209
185278
963397
360785
818841
248388
209337
662771
436574
819983
333104
879712
71757
932850
948991
419265
727939
922451
105553
568960
625365
165485
537234
764786
104599
644999
362240
495153
311387
575029
729822
827758
214108
389287
339850
471971
264710
50374
501904
116729
420225
646079
129757
762564
822302
21305
15717
321731
428978
119583
33745
664098
654667
746299
771182
225180
750450
390599
653924
710978
773407
797066
866879
868488
107684
445793
601128
105849
284420
884663
577908
65373
369952
667003
7
263753
914254
215441
743331
794557
818417
892179
419526
876177
383515
946991
791684
231352
704498
19549
265576
595044
50975
180050
672269
779099
592915
560751
889214
856793
115404
313318
59668
429607
463509
20260
665775
320351
608359
298312
409006
147815
184752
219268
191060
176895
689393
591776
915307
89293
19866
255380
187587
918455
775418
175879
51187
696868
503994
293056
817403
86004
928724
963191
153969
396415
47044
66323
419224
774342
751515
65240
471629
71199
449353
231850
94748
133120
763609
27782
556734
927394
812619
674532
116819
676597
47607
831516
116652
459361
408037
218221
520312
251691
52889
716390
373141
730099
667183
810874
319014
918842
494623
916840
982224
156281
531727
414465
656374
11796
353242
621477
254812
906444
285372
762142
164680
6758
621809
32229
914452
272772
928161
877857
514654
234129
493082
238421
281507
773236
233538
376878
943742
602769
690344
619464
286738
356914
611445
356054
248338
821619
182851
176319
930817
586852
895084
783499
681991
678873
920066
577084
664551
796297
272275
781178
22406
760834
907633
856488
10331
261051
448865
549715
992175
213926
169292
853279
324302
870878
574649
105329
786062
370824
581873
908704
651053
253478
539223
270252
149278
871844
350361
274442
723731
921436
547963
27958
884451
586518
846676
417915
470153
211931
723732
567166
119602
789604
757734
142043
969751
440622
287961
629898
422972
127258
509138
983800
998802
329585
107058
616391
507346
435359
936760
78594
27772
336211
257323
656200
459930
783128
995327
97799
403310
944145
609736
785118
132887
534256
484299
180623
297468
702855
358005
491247
156675
144224
28957
445902
613429
525645
287858
21621
798078
360446
902131
162657
940140
182335
232192
528055
609378
281892
939458
596438
668287
79629
742849
975463
850620
53358
809295
221491
109555
752217
336518
483104
50230
992805
868442
100979
286049
407656
526505
461156
800726
82913
456004
377654
69842
881914
201854
724327
387239
418692
747009
445494
818379
99707
487403
721741
990046
570904
532496
168997
299224
470210
579381
414598
834595
841558
548964
730672
537680
249172
192279
180085
137862
76587
618581
243376
437161
579261
438466
485896
269644
897641
400701
277811
175647
992023
642129
694459
547351
815219
773196
428172
977040
107144
856178
479810
241842
571809
132060
949058
929192
360369
83174
619022
671999
569146
683182
496848
210584
339631
592803
544451
608034
97352
245330
357504
636586
821904
175593
525540
439285
126751
927791
66661
304432
594091
120752
358285
606063
794219
396605
545355
545156
251016
156277
799026
290047
437633
225853
987792
328734
352867
713858
273267
594767
877842
686963
721208
720374
326222
105061
563610
230184
645816
980960
676810
46696
859887
496857
527573
654040
393746
41015
316895
956540
916758
532616
348114
94695
63159
583446
276337
86619
780439
314181
561222
120777
189132
166397
103990
4606
509457
452141
70847
605756
213373
887445
823039
62875
570352
938064
811962
473954
872241
114866
265568
718932
167546
158462
615472
179418
609993
461896
13312
449533
99928
245767
113799
566625
398680
959890
771887
720586
883156
886670
807599
685635
182108
164766
531897
858605
357841
592270
465930
208208
375514
806383
76217
954320
51352
708560
401237
177567
244467
683759
77895
281261
613883
105460
358379
169559
105509
525733
366471
154100
840195
535461
376313
567299
779655
748853
126267
399724
137487
454655
998403
435146
633010
782614
368725
385721
927363
360017
622803
273754
83571
119298
69766
623195
734868
171553
202947
162654
816030
889599
678210
475385
922447
655822
659912
585484
420348
881975
665020
314173
931342
277798
181768
736938
755114
815204
171834
147660
731596
785204
773592
319934
612118
958840
72735
606733
562298
452838
856234
154640
840125
219422
2908
711863
617593
320248
506217
13325
394241
450144
848897
682235
653273
271862
676162
804494
860970
828687
58815
299516
981765
331629
83582
523886
588965
262413
603120
112375
825406
945782
868313
981149
435636
120134
324235
128354
585472
638126
206322
951448
604878
734025
835470
213389
144946
963429
436170
187219
455593
539844
874653
908694
866910
471017
90184
281249
646902
790682
129796
328102
632804
812168
434507
287708
431441
692344
379696
890280
473520
587720
656685
63233
594816
155544
244238
192184
662583
31980
561070
543501
923791
262612
442658
913839
397304
127590
485283
955657
460499
368116
640239
386874
915152
439084
640388
681338
119650
824980
473404
890931
296777
113101
987826
537155
476453
926685
247725
147146
349733
389659
20199
939498
279940
609210
936772
170532
355584
200950
257926
403594
886938
370502
549559
591197
937486
222000
477806
69983
804457
972079
265912
260282
607281
85489
741930
468737
366385
560839
674013
293741
272270
870867
146796
48096
336010
716044
212087
160022
168833
990930
410593
266501
880696
789400
771479
795022
333975
628949
556027
853826
347435
611329
120816
302816
277322
208989
210053
126284
977212
100078
159782
797961
627202
458707
458477
841107
562672
583488
418275
589003
781390
911594
738949
141825
91367
283122
445789
711194
978216
14447
749372
693297
2405
32446
978585
637105
128592
893764
359344
290635
589386
409779
792589
590260
865686
961860
929487
843530
131348
757695
445434
519825
554932
960393
204081
667218
252825
243164
888798
62808
888095
4337
866126
242004
548154
291543
261133
5112
230204
735110
841592
328330
96499
563734
916726
912225
793
238322
155878
802835
439166
83803
805390
449955
551256
323013
852572
90354
669557
453599
368180
814814
95760
915519
74635
632296
201978
988694
665290
368656
865468
764361
569205
915241
946797
163749
358165
656519
666972
363579
892110
461962
24267
874853
475989
557582
542331
490401
51666
470423
904544
283557
181491
591291
565652
218750
390959
924517
718180
990874
248461
955880
38391
180171
411949
111304
176938
329720
576756
911030
484085
803919
171079
315969
765372
178011
807626
117932
823778
668400
892096
242853
596474
88012
113402
60520
950894
275425
539582
156973
605058
852684
731865
441805
616610
980370
144138
330213
844818
586608
293650
597971
862098
476290
51580
960812
109633
879109
910888
787580
176035
101720
971931
789458
559213
862088
548886
807132
519163
840512
552804
577912
915861
121108
425305
258391
766193
615917
165263
331178
506504
746235
664557
799415
502281
799052
489355
239834
11987
167076
412665
991962
929913
375970
969396
281671
285045
583189
610746
770521
801519
928181
585078
17061
973072
225938
959884
894904
840517
896399
395454
173428
549877
908301
486686
319606
140959
528415
598465
349469
284817
283481
965051
62378
537182
625686
879329
178521
825352
513783
381659
864050
11815
414923
502339
109397
406424
717750
184555
149767
185528
264836
710582
321732
62651
567941
844533
635928
852010
110297
305771
382529
439423
983610
238258
671444
970659
198337
786954
512757
375380
367087
933952
242166
412145
10066
959706
673805
253720
818047
204462
360276
86241
365596
20092
492775
365186
377220
487563
155262
803218
105037
272538
523031
503896
355301
660195
167556
933556
31558
631245
149986
375188
205821
309201
446685
506045
940269
71461
57324
831671
558395
181377
507169
602617
386357
511014
184476
477844
891125
85333
172175
74574
557854
654429
418765
933050
638447
520737
257915
679556
509313
569712
762685
578906
216273
390240
817168
479928
197181
235922
81772
957462
941094
636556
431422
986635
717609
57730
113788
126246
287853
633222
105300
465102
901585
822601
468454
739640
656527
817488
735230
665777
893243
151106
568046
218531
563119
788701
913148
885417
300112
682998
723719
361560
342903
144571
212212
327002
725622
301572
289912
848662
968991
833856
635495
448529
368106
464895
101933
689347
566281
13704
155816
193336
465084
276672
794003
930253
948328
333257
39843
928730
770028
760842
126500
474694
165339
386118
66569
59858
350052
371589
839246
669974
515987
871335
588366
675618
599002
284066
425554
631334
420571
333482
409025
550033
172311
292713
973829
660732
492902
166858
787114
452578
532416
836955
686532
945409
222014
262413
271412
981875
971586
174610
617945
242170
338787
879011
151656
985556
71653
287151
663806
757496
87431
734006
703469
413683
819957
359749
757839
560759
779265
405130
171488
983201
285564
988234
757509
211071
391880
738614
265027
652420
304106
365676
985552
559000
85049
7029
130045
196315
803770
679523
356421
618360
705314
52978
49734
843272
954242
910003
746241
350532
376998
952750
770376
901797
898658
604079
549882
427296
348864
621174
998552
65022
832299
71062
287614
433684
466731
513489
388110
27923
867234
595090
870165
23476
955075
665376
537997
726294
954738
38175
156765
15347
137671
585313
984272
890403
713977
231152
197794
7346
563274
436877
70877
463022
219564
10770
923722
910735
651496
136839
762247
552605
90242
28921
645382
899216
54310
15094
510833
716536
876078
92882
116220
32697
594675
482434
226628
576823
737158
415140
993340
350692
755400
938740
90819
538372
113605
291386
163567
407463
438501
482684
240727
647791
268676
190473
983523
100888
746462
517912
598086
929250
16651
422053
338750
756981
390150
897928
402029
167539
410175
289440
781047
192807
41226
389191
179589
371924
722908
205390
423783
617108
973759
758659
974385
811857
844346
986161
449077
936577
562453
772255
847763
267685
619711
971504
605518
482985
507572
343058
120358
285449
289350
166129
396478
352381
477980
604786
873662
756001
230286
546565
418141
688326
900778
748218
253050
435149
477322
19958
888855
272818
268670
90460
941811
171987
563394
295755
612437
466738
610298
957747
179948
834522
5826
971408
816900
432989
805699
194345
445333
607044
520630
280060
4941
252054
705423
940934
45321
676240
92635
301111
115485
757125
808995
435576
318947
956907
525447
6142
383243
750680
740683
736966
293399
950540
351769
834
493477
80775
703521
227146
882547
961224
375074
739365
738039
34642
194224
267433
810988
223560
628819
941533
174313
692507
229661
209745
240615
982479
162073
371119
781004
469281
856660
61390
521309
313883
253695
937128
690536
161269
739839
218100
110174
674024
811838
65505
698698
765460
184087
463016
712085
935133
915254
25027
652532
752948
364277
945325
561151
588728
311019
924906
210109
791436
852354
899271
528465
739809
536885
897540
420418
834270
197205
156611
605529
322139
253478
706512
357261
50237
860151
222278
393468
201947
630928
38816
203255
127095
605776
144294
624367
13549
89151
896380
711867
235284
386474
578381
310277
953462
629191
58279
327005
408416
298294
156030
124626
221545
909501
820796
570147
97756
221345
667024
605032
392700
606427
176451
448829
522905
530234
495040
153873
359337
928783
613943
834990
634296
803266
168078
797491
63886
373635
620973
328016
696333
770921
952105
929279
829855
396942
77296
844762
917823
119683
250228
914761
986949
367375
24081
871033
451626
49122
41838
137112
934031
128024
532461
607630
959134
739265
667184
357582
117819
899808
954481
100794
109
334693
938995
850688
158910
949112
82015
131070
911498
220196
739648
465717
847125
973594
693816
620639
569356
660177
369565
636864
396100
193481
69069
407378
642273
248420
426546
96837
508240
969546
949672
649473
660541
137705
253395
9470
15632
621375
553916
6777
411146
691340
474751
857758
626723
222003
273898
390031
484145
856159
620957
611865
506999
452043
914886
615681
1031
368707
705838
956991
53446
674345
654558
657413
559160
337330
588650
788220
905261
787810
623249
213156
799978
956599
697770
853863
568866
754390
371892
415062
460817
990199
568007
74824
959740
797539
376403
13352
69659
960265
142046
242120
795641
310656
368939
151384
773725
358436
126104
201157
584442
272202
223837
812010
87029
809349
407845
91740
399280
697281
665549
591868
763322
203478
603862
585266
39864
336165
95438
560585
575599
842712
616880
596194
943777
941090
881446
982003
550201
256231
132257
970586
483361
906212
287702
662388
800914
340130
395179
688119
207649
131406
96548
322410
595237
369896
74018
424147
754313
824872
892129
778583
754770
247119
394278
729650
499811
606396
903074
413036
697432
560733
446570
59497
367370
990073
200814
238839
867789
440935
722369
631428
972382
794384
771280
796708
356077
85177
995667
850361
530789
954098
564982
485062
527108
275030
213407
938258
403497
646802
46510
119514
659666
401685
807190
413506
6182
974168
361735
659472
955979
191935
516912
66431
507868
160546
342971
831699
924936
975235
541221
148605
456693
655033
763469
950245
290654
68214
570016
879620
917278
417426
127320
671283
300068
608348
494421
792653
945357
75144
485130
148339
127147
393065
456368
676477
595509
245070
161298
800644
289227
443100
260817
800110
542087
471931
776686
799242
775989
731826
984348
633085
135077
439892
44852
159035
864346
476018
127828
473503
508002
919771
998028
62892
616856
818378
261018
113371
287700
415677
244470
309100
816850
37444
800269
441463
59121
612941
871552
342118
138590
425881
322375
200886
970608
333437
4680
929575
148928
757915
428813
783504
992434
920949
931555
592982
261678
586348
755099
123511
610381
948090
27312
758048
876611
740039
653836
662850
757028
710269
182212
112719
544299
128826
265974
221351
178222
961187
870875
47426
277073
344490
390633
255039
830954
376089
902827
365612
469048
462786
816454
629838
3705
91037
259530
636394
412548
298016
408457
120962
898230
660071
41912
465167
270284
981622
43223
207804
896978
36981
739234
228941
106582
6843
243408
18121
391753
695487
416686
55213
575717
339903
521106
786047
405429
496552
365753
739311
694760
563086
312672
233015
450113
494310
835805
84052
596168
4308
310301
260895
893074
897430
271264
418160
708999
44247
52455
282002
855063
245157
164161
948397
559226
220915
589225
810771
603917
191290
106013
357407
551491
142735
504181
258389
851400
258673
759511
586813
402579
622610
499173
392047
762051
883181
326821
139095
760073
263291
197313
826
44848
25472
266342
884634
172276
934040
654882
43483
884776
598573
778343
905332
654205
458510
457949
950428
735465
880362
330175
98187
979354
13372
434229
678774
327601
547204
523621
828296
897680
957720
219564
960199
348250
136009
433142
426561
783241
470668
811109
770736
935425
626111
253384
843711
528904
365390
137175
281232
851685
729967
154700
558575
312639
418719
990120
902055
253610
859444
396214
257033
787776
629626
956459
920434
196945
13164
557226
286573
103350
633856
21157
526101
266940
933080
487359
427001
659077
168989
389749
307914
523844
644901
790629
313269
494775
205730
237526
231798
376371
180267
930788
721708
101252
771159
3494
178216
117563
536553
849625
765213
700488
191775
226044
584757
832964
163560
8407
934843
410957
479681
516632
815873
438210
937234
235175
112340
206610
375267
934147
647981
246324
821917
448977
985999
871687
538296
229870
341247
89152
612765
673466
589770
783476
898382
685805
444352
750612
883752
387644
315087
997778
550575
666418
94109
665351
63230
298832
19769
552989
169076
499761
494352
495279
997489
299289
755894
275349
663567
217157
210102
158163
126616
826534
55930
258137
332148
466666
143812
465752
129445
430036
632005
9979
632066
121211
238700
263484
523279
397334
835379
234107
245498
91611
646060
799517
515567
402594
29444
15146
878078
370882
939498
308158
161974
801147
719218
102772
476507
538647
237207
424357
168314
624890
87878
289819
915288
736258
941814
101990
291326
273004
849917
953728
90262
585816
258353
175147
323088
98144
481316
864674
893672
440265
573397
672897
155636
417841
55013
640710
504788
431362
539891
63952
211272
382091
679512
505594
274167
228939
848595
422310
323946
790075
754008
274381
66772
646152
114962
540294
875283
808844
256942
188536
252278
689955
724209
269861
429540
394162
492588
67915
852809
186033
637671
466746
64349
315925
248396
791564
621426
817020
254664
968824
854080
522377
670021
791176
629702
359923
658446
226246
602925
20361
548409
657312
940442
315215
583869
353972
766384
78935
770647
285582
936914
415269
75712
769573
124062
50530
334521
630288
741292
740862
711000
447936
812661
677810
525162
450066
181499
253163
750776
203330
554478
479837
591097
426856
114584
297073
220666
199105
506243
93358
667198
352859
266095
19201
702838
418331
722916
315857
833982
402191
680697
899065
502127
547234
610189
250674
65628
750257
294648
468506
412644
614557
592521
443483
499930
85971
83713
594722
866828
368351
280721
99108
299683
350728
884116
433598
804291
661788
366069
668280
300499
806853
730854
547447
771914
917280
291337
549565
625490
103301
193199
7573
67312
480757
701544
9705
923742
248803
949254
705133
103773
402914
511832
612150
632082
290944
204317
678189
205312
376977
668462
192154
438338
530911
344545
601259
554395
174547
355042
933788
47285
359682
893310
459373
554248
482466
773243
256902
354020
962298
309960
478135
539094
497011
199947
422997
231856
797098
579851
13099
477079
245608
810625
675726
474704
535624
338556
750010
844318
961797
741982
440636
898702
440269
115929
869088
644849
439825
585702
976423
309002
874624
104826
451647
953096
113956
529942
237764
100005
192889
691538
250289
302529
490536
889802
441838
812564
232574
674702
924235
757101
647564
195712
823243
610026
966831
468656
595394
645562
972845
357376
729747
424406
319680
706928
138709
569338
294910
52882
116603
216714
383079
628258
805252
783738
237805
91441
531633
52132
744325
327465
593615
761126
633404
931593
961653
829886
468689
427925
505690
944012
412943
890284
367202
629715
977341
945238
602236
14817
452288
772392
897320
141567
62149
630145
390444
148942
898360
615324
742297
718269
408146
906209
806176
510466
611064
308600
520349
449518
116794
815368
447615
728589
167689
592825
128054
900406
383500
925507
651129
948265
672802
578329
553609
127564
442531
525001
687564
875126
374112
59206
444864
705615
149934
492957
495010
635608
348233
893841
691545
641359
222480
15100
200421
634519
236302
774106
376050
833199
403997
488668
198789
479286
620333
668680
106234
271363
214819
638094
584318
585515
566888
962041
532323
708700
613220
68940
675982
743688
588420
94863
825427
55472
359862
334931
166169
868290
469787
463644
696669
906591
220810
369630
105251
278218
856742
154746
772872
443915
712589
123965
665456
913583
127330
60467
37415
806374
994301
98164
717127
377736
219987
259657
634459
498301
584825
544248
57298
829976
447072
480494
844723
892958
655224
417417
946084
662887
323918
536671
762644
898277
362087
761700
65225
228135
785036
494773
772915
695669
84473
858982
328385
610277
265049
336221
453507
320459
390374
639438
968299
959079
561706
821516
13282
360945
25288
26828
992522
71519
196831
839371
582161
325427
94468
467790
892085
752728
422381
111800
109708
623955
229375
80783
816203
357739
109883
792459
798055
169309
160072
800647
13345
605264
139584
160034
554032
528962
153663
943135
949903
491786
918152
780092
666814
340399
634023
21848
157333
255914
567694
502768
67478
846906
761974
850987
182653
362572
908370
365719
234139
823377
595502
502196
915935
300290
3398
458627
20529
294074
146870
471288
689717
542813
363489
751217
377229
240106
987983
234476
187219
645834
246642
159018
658759
489437
841994
282423
545726
575320
721167
140427
520927
87775
942177
443171
881997
303751
538361
688846
577530
279948
912962
403539
496066
342308
733964
670116
348946
925009
649978
471303
932714
567869
960135
761810
418964
564715
133781
342251
658299
1834
717959
380484
750236
425957
999052
298323
201712
247073
931943
103041
449041
57302
619445
38281
306992
829856
255611
211338
549613
777762
950454
315114
198609
205928
930791
853464
338366
325385
278545
609626
280278
935620
456772
427548
777410
472281
962988
808419
142314
497433
578143
494504
615253
839087
501259
367229
309619
212745
942352
414247
577056
271579
107521
811655
732684
12116
316386
187351
181806
735247
881080
465966
480308
258586
127524
675846
614743
998526
629657
989794
474232
850006
20621
236951
510420
356601
801360
386771
83274
210096
830347
236543
652991
231707
19577
776167
387113
751347
169079
33755
614314
387470
250973
680020
504650
759526
281893
57582
957204
17849
969919
46580
157279
939716
233279
802898
740185
497980
40838
898117
946156
249587
768197
512761
284254
985989
369156
232131
172126
619100
960045
113891
894018
952861
674886
538628
855440
507227
107983
447912
247331
820841
249897
198909
404723
117775
830285
359324
917650
202837
109877
355601
995686
97261
251858
763328
315347
322491
971433
772471
528898
642809
891696
347861
239382
243220
156973
728188
576964
778189
3911
53786
80319
637548
884757
406800
643977
990311
397287
161624
730261
419234
54714
974814
68301
891568
537109
740166
244934
438528
762628
586061
476684
378462
468518
588075
834853
781135
373377
145427
335432
146293
75987
281797
984355
340197
41645
481672
190357
772536
334633
800665
109436
156624
675046
225739
195676
77375
334658
430224
750308
147782
653987
620913
689568
924675
916721
699453
574514
857334
245523
840614
750492
78334
841454
441646
420265
733294
597599
128981
342717
273959
414505
747985
919832
930520
317188
829590
610092
547356
182479
445636
461292
346353
822226
970069
419283
696986
47120
879757
756175
530710
686833
342163
128493
818001
353061
882902
82823
206022
785573
948749
744613
509828
393050
234362
994512
125892
260988
79167
83291
515019
351554
157788
490702
562447
134076
301025
644609
914964
569310
728226
173509
697168
99228
286746
327785
279913
40768
13210
799424
899708
409824
390334
458630
332905
652601
170210
698684
460417
533539
109652
608639
488791
606432
450460
999719
242658
904991
308891
694237
368006
732200
615170
914855
33084
970199
302993
974551
302353
156475
947451
610095
712820
311726
228187
317998
362909
682202
371772
671700
218137
621390
842112
222206
572135
504302
62953
261217
450789
705658
378158
834491
399674
277438
929694
210079
457256
608419
638236
666713
360900
546259
721802
819483
361
920387
117232
124076
255226
950716
547261
12915
600129
69806
309201
814865
653516
785875
750929
95480
12883
503572
297979
474541
931497
524016
822990
878386
432493
428186
413822
307575
279031
253004
21188
584799
19774
567810
678197
444134
947571
393264
959726
184237
377296
449426
397408
969798
303720
363880
93037
554204
30882
824561
756727
610032
687036
240768
150648
836947
295850
297529
603433
942762
864836
96583
496255
402653
843778
75784
950028
989155
878433
895221
573932
792097
392715
518517
15964
634223
49369
177927
768093
762462
740976
65538
782723
970857
443468
338143
591985
949294
97388
36530
441251
793799
870200
736345
671937
761769
226837
126357
69022
805524
205118
74838
317741
338482
764906
779631
156058
16025
589204
730341
824210
662810
659052
227941
693605
711091
485374
404670
179539
120142
788385
43176
260418
552836
243444
721752
889081
531158
768255
53408
947640
169431
482549
49103
966274
884437
150688
637687
947956
365376
439677
977391
145958
698121
86951
527651
948605
778051
657780
23834
382522
475420
894494
205145
724580
38568
124778
180755
74379
691811
336805
888987
740960
37390
895182
373129
984145
284557
33699
887330
905907
85290
474915
885944
438993
811991
756798
570729
542310
756398
285311
380013
644018
526523
811434
665689
448273
660254
809142
687307
885334
219882
562654
97485
97563
66208
570812
961217
357360
249567
463828
383583
920442
850313
831035
926535
885632
418127
310299
946502
868408
51355
580043
868301
538067
480150
949691
799344
628931
436948
930890
90264
431507
473203
882312
533054
577303
647353
583197
575579
245652
662394
717599
720048
289996
528565
655879
165143
574385
456323
640473
196626
34988
141252
297774
597443
407185
384787
162149
998209
177088
331920
765347
433993
317822
414812
930232
947479
712317
356285
677018
567489
487759
436551
486034
655994
778024
579528
803555
365848
323972
648098
261141
254079
412156
97784
886992
385511
700683
978051
246214
210536
402833
337328
714347
237742
754685
402824
561012
676518
580653
149034
21041
262318
979605
77152
997089
546991
900655
431231
841997
415481
449373
697079
862632
804656
179784
990575
511115
353161
241944
749450
310880
54610
979282
539363
298397
872045
401112
409520
782080
559164
212883
99849
960470
468796
795527
262071
614406
433844
178169
499089
448765
962700
835208
101166
797403
764654
814595
913680
853945
567117
575327
428148
61505
487143
976660
86472
515659
590724
466142
204046
292425
130995
367130
93470
485183
42747
356053
489982
763537
234700
787547
542656
192990
926948
640270
531201
333462
505427
232717
11827
506093
267186
70880
500193
371170
203683
555120
611020
263144
78039
792667
754200
203963
22319
702095
132303
730501
621388
668237
689756
218553
774369
553459
901228
142813
45793
507443
494948
535399
281573
726267
800579
439807
772624
448900
536034
452322
528979
748593
852458
209002
817477
858876
874780
34106
145111
973289
60767
61473
276561
278070
481144
505858
341111
119474
723762
489941
659090
106168
527586
913007
152731
245034
256602
710099
1976
828970
158949
35332
532749
836841
523249
190624
618108
983431
838500
378797
600579
989410
12776
455780
893754
747644
248901
417326
960842
481230
925295
919010
941294
660000
739878
457909
436005
907357
440892
932971
141168
406666
9714
641574
789900
147128
709681
267025
621460
246919
736960
633099
715177
64051
309912
929279
818517
261485
618310
438475
746620
968459
234918
599682
219102
185741
756030
214548
167825
969219
7877
970384
4206
536215
390579
294151
862712
231535
693639
721129
112347
620683
456240
800506
207325
767956
387674
172115
358926
897801
747666
87310
784071
110122
902018
715004
793340
702125
115909
12565
518064
486793
230040
670244
809926
72850
661647
94581
351094
68729
385921
986968
56593
755724
837712
336824
341501
772075
958217
951579
388196
822130
372889
937078
288074
185000
831371
969802
935741
565126
74223
717820
766613
479670
939190
40968
789978
321706
535317
836967
703793
830617
722433
360129
478208
430746
372117
582229
433945
914397
310479
585207
809834
441621
139922
395652
431393
281049
822589
380740
649259
770397
401875
862547
55940
130671
212890
549659
959914
687125
333364
450982
791453
439465
101311
485700
282631
60533
551663
321048
331521
549215
434018
908383
901137
343620
213850
990244
956487
641155
701690
6571
672463
674654
31642
929554
719628
155345
325996
361978
758038
736526
904766
57301
139524
421203
900699
84737
365089
325429
770802
535020
105401
553553
328365
295082
565775
841548
800986
799193
640092
207765
979757
468438
352144
354581
533973
630397
594191
624407
238943
282921
799313
641037
263332
958822
154881
572080
694044
510168
595156
150243
521033
482796
348029
870460
320860
680543
620781
377870
625255
808675
234016
582153
337645
964245
617767
903041
449163
337834
688145
689811
923324
133570
238073
948147
68447
185903
423046
265842
214919
789625
635185
162465
791338
87495
608467
927549
711953
964125
595853
571248
673475
476192
917404
876873
275604
123236
344269
987761
564112
944570
879175
946089
894098
515666
684718
519731
372883
461740
783152
840320
610618
286325
198636
146207
641455
182526
457812
410100
898099
397872
238680
272170
558011
851704
644537
414051
525045
404285
288149
849016
849932
352617
638774
242704
504734
929210
632426
555391
783213
360467
547589
159353
640377
16886
186264
605925
492601
510677
63110
1504
370454
820619
250269
811696
623086
951012
888751
652621
769125
653697
269025
403359
803046
615426
117143
917874
217060
838252
35273
283206
97680
813386
435154
231193
791900
302784
112620
778258
706279
162987
794779
403287
777821
188892
692735
168444
661345
512230
516502
505404
922809
493724
121296
816981
463098
655271
991664
988231
318240
997817
583917
455510
112402
53560
359238
521067
387208
160342
755257
493792
222455
627770
851585
365681
493997
230318
522920
405308
842346
236679
906968
893076
958947
313538
838074
963225
697804
327362
164393
36824
896009
604543
228473
865778
770270
662405
817056
680887
734046
19223
205975
79047
16184
127579
676737
880420
171242
110939
939055
697688
840647
831894
828652
181170
974221
7485
2160
775643
825240
201438
802187
466258
185574
688760
145893
993970
508630
810990
163496
288185
457207
901189
716453
65387
787072
200618
438753
324322
84807
710797
548118
411811
559688
291430
366965
553206
370916
723543
576956
871339
783811
134549
35315
300152
804747
887429
97072
804493
955208
339884
669985
19155
196175
821040
791774
950524
703097
245223
173707
463583
222956
91545
483748
382873
809546
627880
190538
387613
561252
707540
956389
134888
46731
596537
304197
622519
184627
326459
175324
308503
471995
137746
465191
19959
845947
993653
820626
513882
239462
110647
934295
874854
250305
341165
789846
817116
562335
563618
307952
105718
417942
648837
980884
449385
952310
638991
175854
636823
863448
200259
778854
486172
519045
794199
315966
861834
741587
850067
478358
353981
821293
173185
495413
902708
939366
147367
966305
711151
981814
240552
755910
448495
296791
485873
825125
652445
111151
926228
184277
257212
290557
648944
972059
102661
741854
953262
75978
161017
692434
809007
797717
647848
595110
857518
741931
361031
89850
935566
999989
170811
526578
482738
848648
13843
129182
150250
183997
724274
916008
713156
9806
651209
43456
349419
757852
851414
610054
900290
240169
303912
140891
175065
646351
188149
515550
799272
855080
336086
933092
480920
608511
659670
991426
939385
824992
372217
87697
719811
174500
126281
630205
873888
316888
501667
316036
244672
778415
534004
69546
924999
406931
109100
95788
23634
157603
241942
338301
235424
11692
953381
808024
959683
320607
242957
583318
115713
626104
557544
969289
942044
725600
430419
365264
60827
913845
198885
958293
988429
556585
80256
361532
129571
309540
609055
696811
591629
1228
334605
95685
431123
513650
633456
238867
586856
244304
172699
112944
531234
408298
694042
622900
313457
377611
59045
632983
19444
810138
222136
830863
666019
32565
337980
971279
549782
886782
144423
114064
495898
603581
907946
35659
413829
427256
281007
477658
968540
941678
150418
906687
754420
339671
409281
529161
394260
980264
595818
508737
174083
373965
557319
648657
712482
643057
840682
874760
275261
656033
635640
727216
909204
754054
183607
417644
243224
442824
190611
85555
877313
969339
76562
653475
205714
289109
792257
572210
382801
598156
215088
633718
142759
185352
736567
460775
526377
778164
886385
78910
353181
955372
627817
299501
649232
299768
787546
961308
303449
473701
510684
617007
942832
281228
358288
94865
42192
218461
934643
666993
971016
705396
917229
12315
117039
623541
340164
465771
931976
151801
402146
526504
32435
745224
986063
477879
163875
358499
110205
774463
504305
453905
865938
941739
869791
873145
525006
169850
182489
707255
457458
772595
162553
919786
904388
578273
245796
388878
943148
813159
590654
685607
245852
123759
653922
76666
669358
210203
645473
927179
463255
753468
716883
393175
118274
699308
863097
660281
547324
519441
598398
744657
433716
165944
463481
955064
1985
361813
198824
761605
632141
303186
938927
555445
596078
2905
750615
356975
127301
946939
74077
297873
854013
663540
19360
387711
375495
427847
695708
823455
241014
461044
784472
940553
310340
189711
201560
797599
511052
463835
3503
917183
310679
762781
812086
153441
848818
367478
810281
693419
160435
225824
626261
599242
621403
975287
525737
869787
185893
721869
889022
472283
889592
730465
299686
428760
866193
975304
344476
75371
474454
216785
497649
824668
357261
262030
289985
262681
706146
598146
233256
366295
747258
713738
678677
813357
12601
251731
502881
663896
113444
901895
839127
292181
486801
689685
479836
576678
148345
197355
311986
46449
17903
936824
497961
414618
689692
499154
516699
627492
879134
309037
677874
271645
111840
141642
949601
475170
925566
246538
722561
295789
118009
86571
560127
867520
756773
317374
760841
906164
608997
976481
675378
660630
482868
115937
478786
858617
965488
640199
435494
736715
43290
953549
495413
280336
140815
621288
321105
624892
816852
78080
329226
392333
562475
640677
157606
526431
604333
80066
859293
383483
414751
382435
404481
224150
392936
676974
422205
806080
666583
310776
193630
928488
97100
795073
293627
58840
696734
343093
7765
371269
920111
744480
188665
251058
508608
673126
824588
370662
332277
937794
671210
507841
291426
230983
950135
475438
933748
350080
437268
164353
112395
115935
504331
759441
591214
371767
747842
896774
301543
55629
545925
150307
45778
52587
993481
203004
66871
556295
785063
874446
766
846546
321016
329193
165660
969
445785
618882
674823
389459
528541
476216
952117
464821
409448
728919
591784
704133
47045
49816
622586
120140
589913
502488
301578
331128
861888
259831
612372
617050
323572
765832
536658
42691
972806
141100
586786
907224
694430
251784
657641
233610
180616
972974
166415
868860
992940
338367
673977
733124
118190
522063
939684
189024
441833
816251
107480
81997
390195
55322
52130
830177
215773
932385
927545
380386
431849
180023
912204
771248
612101
402317
707474
722017
576124
134742
776166
126890
171996
212083
837435
67255
72820
877459
784471
915592
211678
744038
768101
512881
48805
555394
845199
786968
597970
543421
503308
592586
332235
275009
261596
837214
946069
917267
199308
585589
631064
535431
94811
627393
509416
730560
964179
146017
125774
770624
514372
995824
314456
526322
478248
797427
215844
643225
562225
820930
430243
363729
742271
35517
47299
710047
493580
308379
96708
396081
878538
893719
453562
291923
274341
806830
994518
106902
485436
570999
731070
235618
746578
158079
459207
571252
400894
794662
983991
884127
943207
374319
865218
321038
90848
736529
710210
83347
943347
930701
720228
455283
422756
132690
639626
435536
514540
740324
873596
52682
562254
252312
698748
700564
688554
190365
23963
23284
425865
345049
688006
989581
361475
977472
148333
614496
59985
516901
698576
210313
942160
554788
922635
200028
452629
574254
944864
954938
546905
868499
219783
50213
170479
322822
94309
390127
578971
688325
714658
505008
667927
713396
153086
782515
597727
282954
551041
219071
277836
952600
157916
836199
6935
392244
103338
651609
45808
564702
12306
792015
330145
452722
78994
572206
180359
204166
900241
859730
346118
227393
313632
795359
549677
194333
705892
987338
742230
923719
747980
950646
331836
846241
106486
488852
28583
584590
381986
559445
812592
437788
724971
553083
538068
993372
177226
297117
757317
918178
685854
156606
899922
505330
464848
858554
982696
632979
149807
135312
394643
2472
379308
367742
623094
261644
470211
454838
182182
80754
877187
638373
878595
390271
929618
233392
632173
234467
382149
950084
835718
624464
415235
413841
240485
168617
731436
102812
556590
100881
778537
356247
7939
829761
774754
785421
678096
670104
433710
842928
101560
418434
191209
985563
224400
510940
845659
724559
771946
238904
601358
741374
232511
963550
676514
168526
521339
264614
642303
882395
639313
469525
107689
338012
155750
426669
736455
606585
166377
707884
430369
913905
397478
681583
729926
444124
815375
800299
134004
290736
306550
688196
425061
590440
843229
663301
666684
812763
977646
247032
40088
565356
889380
328943
883275
583406
90602
59658
425990
776274
959744
330620
181226
128764
27457
751716
107242
248880
909756
247887
717201
450476
253866
352471
463244
434000
221879
188767
779734
414571
36217
912930
627179
696758
28373
796171
694854
379624
113678
465488
65559
12144
910592
482959
176427
118001
606030
333269
263036
703396
879352
189652
585473
994917
568916
75759
381170
533107
619611
257810
261903
500979
869876
482839
145205
624438
593486
97773
692385
753021
280401
391923
390067
894112
337280
589181
262830
46091
896168
85479
647527
607680
798030
119972
714715
511525
139058
783492
4511
17793
436638
662304
709937
237164
919319
520998
471918
639592
726559
579878
749474
655802
630708
187565
243926
52032
660722
849629
22812
239148
141855
518559
35559
968297
593834
71674
918698
780714
195871
218471
308152
645964
342152
354591
155929
270544
152722
83278
45268
72980
453946
66345
588969
294852
844612
73824
175241
777155
306905
434297
328627
91198
464366
945287
684448
973561
944454
577348
609736
690371
446584
642360
507474
227095
783948
407583
449224
206657
373058
949557
247564
546135
594533
250976
781636
732958
902248
434046
197157
981594
343048
82291
781314
666494
103492
415971
933938
341506
577508
610447
833399
633652
52812
8216
417875
789258
129601
694464
888168
651521
189248
459842
194226
8259
321904
686432
12417
589987
549173
713635
516739
149279
890188
141006
805477
333793
748047
366936
365874
292362
990156
595075
298563
785405
972346
98397
767005
562128
239341
829838
229984
648364
852855
966614
320973
204415
946216
892018
750898
527711
130597
956666
730736
101520
526931
548105
71949
702514
844513
374854
567834
371295
190940
369701
106377
561075
922671
287387
163058
892666
81731
522511
635519
435875
408301
553976
552383
468687
233777
611916
368172
996061
104594
323737
944002
235811
246754
424925
882510
626647
213930
399026
223667
344342
230279
128662
178702
331219
484261
345091
399545
250299
322299
925878
554734
134391
810622
480435
359896
991680
502965
103705
396442
678227
522325
32755
164525
88239
112000
442519
599739
198956
575710
998855
391011
601660
676704
198106
748442
710567
923603
913579
834222
555454
103973
303048
15485
42961
361469
903409
841970
82103
587820
443273
673301
195065
109309
486270
482062
204416
438484
33300
682141
125180
229484
718549
16291
278308
427988
512733
406486
617771
663609
800446
529598
287861
699927
266655
440178
634064
538702
425572
398943
777519
370784
943425
867613
982547
244347
175032
980077
910542
868093
781121
506468
163216
706005
865661
320124
555345
973540
841166
757711
142230
378823
137187
891873
301081
485997
948640
317379
74648
701653
424900
723399
194413
527882
710130
967984
590562
207047
515610
473909
6064
809189
532370
427313
855260
748601
608586
678091
917809
422378
136205
809900
471659
13717
41993
610789
220091
344138
426819
166389
738907
690664
917159
422738
413929
618401
471197
322743
364394
771074
438259
493541
838096
187055
64478
843458
938596
666101
587738
877644
805498
495570
345666
464228
837772
440590
134819
469583
517920
345362
861241
284088
975475
594828
475430
346899
70727
992966
310884
83141
679576
428639
100825
249400
381801
371016
897918
515169
918987
636458
634762
609579
780471
892732
785146
652620
21319
838504
537648
545503
769556
425904
263403
467642
746895
974749
737449
888824
814334
805876
747955
544288
323751
901008
668373
762321
571184
943430
148738
693863
149300
349738
308223
331470
368797
372661
622360
658658
23049
591957
331793
421019
437549
540668
51183
890361
148470
558702
257578
816283
664198
563222
966727
390575
840289
180599
429229
341403
133824
278901
742678
663727
230498
537215
444695
287489
3324
300291
776525
982904
934702
556529
310509
910921
666458
172781
849359
107185
396500
812422
839856
397113
301119
343632
93499
481803
386946
986494
896842
86790
722243
269527
639508
592306
454612
869724
909645
937567
122283
571170
234195
369908
935457
637007
364326
502288
543705
268747
905641
767025
591223
174424
28290
576246
998004
654538
900966
444891
91028
143391
122440
794945
280456
27080
119971
254455
802756
992154
784270
944729
81781
951205
525444
271139
623745
105552
581850
146340
197364
767029
314640
841269
171235
171762
6145
998251
254114
218348
89150
344678
896214
674216
645235
491185
61337
303274
89591
260432
634519
333265
727490
850116
532053
195438
669900
77119
118811
46469
477711
383578
932412
589337
215115
234063
181679
559985
59420
485930
879305
925779
1900
430998
184413
997092
362628
611343
407660
318338
309398
116601
697550
880701
774962
449159
912296
182227
428735
673400
676842
756518
222779
898414
516757
233553
909083
850637
656412
430645
535050
288805
260837
769992
175943
431780
274175
261065
585282
686856
645011
431693
767914
429697
880980
167929
527708
357650
866023
82018
768071
857640
196461
369700
97322
835639
858753
839314
973994
925745
571392
438048
749265
700904
125630
959450
153770
111470
264025
970779
74048
138307
172787
28601
196518
276500
973974
543506
71979
723255
989097
643590
874399
710035
660620
839302
118947
67427
949820
5408
258307
994901
420249
112314
153827
314285
672103
532337
575820
537621
876084
871097
878669
528071
666456
774788
767273
656538
866794
246575
289958
227384
921814
292430
916018
721629
713991
309388
406942
675232
329384
33794
578543
24926
979690
137601
141142
480742
430387
479356
175573
808885
290471
556543
674204
590663
393954
499605
116961
955166
931450
20906
141456
417617
220348
279919
586781
386245
756286
12430
913929
881149
795153
860583
731290
884093
480513
646702
503681
469862
741789
250884
117655
77883
194186
913161
500779
453580
340617
498453
76344
678015
501771
949125
278222
392802
450836
424528
183975
368418
839907
42925
250102
215071
987244
392375
174890
307145
218214
519392
775459
563061
277295
206520
317248
868020
613105
502251
534766
146889
995385
31724
436469
317932
269195
998233
512542
64082
965096
7083
819521
359092
67681
995736
81577
766462
560337
332129
116249
667722
136673
814659
696769
418591
574529
3963
929277
806454
315238
276351
96381
956781
306369
51357
283482
503583
737660
266711
198404
258756
523695
207698
853536
489238
934901
218516
83208
883867
245351
507432
134643
549894
511231
810776
102222
587283
976047
973980
991542
164447
772909
117309
900352
353318
131652
896327
782958
448512
902838
369679
183229
318702
216447
17067
768990
761749
64570
628218
860507
346877
735049
337982
238884
893433
315662
951724
935800
811439
501006
143735
697808
123327
700708
179614
57183
652861
302735
941686
481024
961890
315187
416476
596312
573476
173481
489613
897846
694850
247002
977397
758073
161074
507431
895494
324290
172499
407370
316030
264027
36761
821407
385772
477819
878650
507670
740476
713411
239856
729616
807195
914617
631378
295609
579191
167381
184892
658365
88897
188038
183798
53080
352187
472053
681203
713274
319512
782900
847443
727465
893140
286503
64224
903410
624796
415987
54041
440656
351439
25086
833709
809003
106469
884325
739777
158218
372198
759566
775337
614932
486231
822958
440241
914246
404481
487119
3406
743026
873812
129884
251421
123716
249264
729045
112854
347425
180826
305472
771402
362126
868043
931325
690233
13992
378416
357425
99922
92749
38400
546133
382122
828342
806673
269808
343614
679046
73263
38772
64315
179829
677908
129350
722483
810887
896925
255560
214812
743876
681531
563402
599033
858853
857043
734648
827075
841679
145282
171547
468529
811244
677890
862560
771481
363733
143893
113100
844372
984625
554688
955151
549607
392791
241974
250612
304199
145204
925826
630458
92474
365753
483914
120673
367034
584064
779539
245814
362118
186798
4105
701613
877796
226004
509088
59803
408635
294789
381154
577434
452803
87532
361358
34338
398761
413174
204564
624756
714903
533628
239919
703672
900455
32403
164738
652533
3006
716640
139495
517076
951143
621823
164185
962999
296549
22198
563142
389852
572277
591425
860134
615037
488276
68737
483236
965680
938534
909822
495823
121041
826378
404885
371968
789661
873619
775150
510554
873121
267906
90644
248993
583672
159672
568957
913545
344167
451028
334961
968033
996097
803137
802417
749140
729054
410648
769273
66940
132589
722134
234780
446441
449931
778235
753815
820977
506374
4272
594959
172394
666717
285240
453061
19603
391859
99822
687663
684150
68966
75182
185809
374207
423367
389249
61645
537262
140924
428638
851090
631745
495716
702128
530899
722399
134317
4198
511464
709762
60920
329464
649284
768803
52583
428123
643948
59567
979097
793520
46398
667003
169654
990064
252425
493989
961842
698113
9384
496981
278208
236360
244270
591312
584036
15605
949638
455119
142511
449642
775278
713874
405405
186366
228678
238949
299786
135146
87431
361938
352047
127716
625043
292411
816935
672277
622385
12045
73216
96798
318255
620670
365438
7323
265920
838032
513135
388715
550645
894440
496740
297715
591914
38496
956806
550551
976070
164087
247300
731612
237570
779460
845719
951286
416857
836517
160218
42400
271609
118527
894707
491228
180580
175650
972625
875503
50029
177240
988162
696054
942536
745957
389845
259698
900165
561561
910873
121503
356420
949871
591166
919309
359916
749554
789680
970905
303879
250364
263985
829072
232241
911225
270272
301259
234909
30303
988212
645694
433878
405376
402073
424338
905639
204076
879780
613295
712209
957046
399201
425234
113715
46507
769162
845440
970781
841831
91156
216540
668828
624396
41711
147231
239561
921243
185354
450240
785641
275178
924960
595068
614343
230406
589197
34801
447233
478304
449537
366403
16723
79432
933947
128784
801210
938703
54671
929170
926401
585556
183677
835253
66552
649019
994954
291195
641258
869631
875853
406131
961109
125333
203150
785000
244023
276482
712955
488668
593137
901516
733034
185452
311137
56668
676577
386488
635407
474467
360136
494649
491004
310650
528444
684392
675602
671128
473454
608925
879700
548119
705215
102055
145797
792176
917911
577799
970324
769376
550539
243077
121873
379767
480140
641722
433917
612121
749796
169990
767207
390983
887327
630945
311809
874203
592790
912341
177357
347573
333713
191974
84342
367170
278527
294334
379477
120824
136828
410969
17582
476266
425417
544194
255844
175516
339056
627091
216886
356553
137374
86972
298570
490123
586558
989351
274119
780446
732102
132167
81782
425702
652759
915963
623861
141742
163522
549479
584624
832718
865324
829125
781881
142104
56389
310991
313787
515552
206291
793803
453882
7292
185596
650096
551914
292476
556333
171087
831661
673730
878000
996484
623419
421820
27259
526615
459211
294849
24608
415244
302101
329033
365919
114805
810534
476105
706600
942074
917793
138512
879349
851955
236624
942698
194021
428547
685559
912853
864462
388704
105837
58374
648102
57210
364457
982755
898845
792639
896660
120663
877418
895761
682650
698032
83058
513651
552751
659838
908389
603987
807265
175307
742671
87722
351814
480228
48020
962090
631182
965107
868220
686623
886516
738695
214705
832435
525462
908467
800055
303599
213415
196174
664331
266951
653819
960950
661742
529238
643462
629965
80245
867710
350704
184951
705692
263575
250165
264047
996090
221762
945880
582875
630212
614493
650995
573977
365289
98393
773520
759254
589356
866565
624620
269396
493359
707064
153872
720964
741309
273757
287792
672171
762082
40598
910939
126639
218885
630101
49889
854106
520410
717675
458469
231014
588207
557366
975054
807622
78808
878402
531084
278036
495108
209923
848393
930559
228591
842413
272224
233591
406878
919052
806151
482486
480275
683487
572429
788599
225012
350974
101528
446638
671086
557702
761065
127946
99986
904859
590810
318210
333834
273183
467111
17004
233869
47049
215450
974916
395643
157633
969977
876028
690507
713520
875382
696743
194789
245208
209535
112936
580029
690881
814678
338220
188968
535545
333923
578742
746463
353394
182494
298740
667303
614764
229138
420413
474553
340134
490733
782533
73992
406547
160679
835295
360757
850301
30781
839447
599960
484192
804244
538519
328963
969772
876629
767148
625716
471215
443932
8700
74444
700607
716369
145876
540736
29153
885738
934842
701997
269062
569047
165490
431914
569732
478391
143043
314466
503549
441480
192975
355282
47725
282170
999065
65684
774796
587495
208420
430182
550280
898598
433428
164598
398055
118365
518731
852283
419571
832145
989993
625592
234164
797221
688630
397403
853612
296012
229249
55053
326343
331842
459719
773626
59564
447751
689549
261312
1425
640931
508068
27218
944180
30778
590078
521913
376194
397846
58339
5805
850321
478947
10488
483246
88844
239024
887635
355233
851157
828205
798632
5687
625901
37972
898650
6197
799959
334252
985445
326750
656568
289272
290374
345056
919781
173944
527253
821614
679209
913630
263409
52242
677785
571784
17096
26687
989363
695551
324224
792449
965162
411979
546928
131816
242448
299402
912435
196189
490581
558158
32073
847505
405044
616275
173002
416993
414719
423669
592528
853986
580270
27662
331872
726232
605739
342761
815016
677786
431815
657253
978640
799013
839618
836449
778376
241449
818623
696893
294931
474727
699534
583142
886143
786019
96127
630167
201744
674127
68889
582059
366684
992893
130179
544252
525340
267166
6352
902745
695197
497614
965071
811642
381718
869390
553251
316351
972800
42537
483507
483615
681515
770490
630375
768491
415374
256935
471962
167214
433008
818741
820171
234037
669424
830794
647277
695313
228585
363178
553834
136782
90138
766689
508830
559791
897944
563313
891393
608370
276779
976714
986563
895169
533468
29407
132206
727503
213720
643151
907859
285349
47676
52099
237067
111317
273954
982951
484314
115821
768240
517365
162170
631188
827452
804078
398492
839169
47699
366080
55356
55566
173328
533069
544649
406904
18707
170190
621787
214215
91000
260309
793158
949779
528116
928970
642037
786470
811150
793645
665629
391555
355453
230969
165163
902496
72491
165393
409114
854342
833337
34704
876554
63161
975274
498265
140695
999878
839576
370369
478559
942854
932620
295991
986554
989055
774333
454672
503287
926837
817571
201463
474310
297160
956760
582897
594008
578083
476894
476734
842960
148447
226364
427044
946247
903753
529265
686434
865427
345645
808196
622010
398235
376306
180581
338568
138344
818543
826211
40445
475911
438422
839325
7883
895584
126502
303456
92116
936137
430106
312069
769994
624392
348516
192861
414428
773855
945401
653916
508165
113579
669490
47484
44635
967623
739020
115774
904162
403630
795017
477746
850088
377198
342469
994087
686376
85711
176025
467520
445323
779220
95752
496760
929122
341763
387479
512146
282114
381432
23814
166632
344198
5733
652824
247962
971841
437396
270359
233815
653623
638523
610541
633329
148693
768471
192067
264220
717032
235458
586896
862274
152607
202375
257763
922331
559695
718818
801241
517548
645931
773681
412767
666564
351519
615767
924953
565621
404381
63052
635956
6351
455415
847230
359890
772815
468327
497276
580782
823962
110103
535175
754024
582727
217635
519273
233721
122306
914189
609619
116384
649666
858613
433639
133830
262086
25464
150680
728837
686214
484449
53274
978301
162976
650170
375868
878611
508775
427633
896547
843254
948114
984318
587967
388850
449319
751275
89778
455051
724305
971383
509233
628014
839628
687156
185440
773250
629601
573294
368969
312953
302036
483535
262098
153238
934678
65783
857251
115267
679058
9522
657006
387421
291785
74261
693335
84118
71564
773403
800483
163140
658388
907739
105043
499995
545481
967676
677956
924552
125529
354417
939768
646077
496243
660374
961349
61571
324646
709945
34600
920188
392729
590052
66449
637615
167413
841109
838583
323448
316889
638088
352242
750794
743473
27742
389399
923627
192056
524850
717854
822706
426177
981342
152022
20340
781518
682386
15194
824835
41678
429488
431494
700042
626084
310016
464401
114
959361
375547
101141
661436
40850
272140
31138
293150
416537
71563
56362
61958
210842
544361
681454
359786
30274
575257
814877
259731
465660
238616
869606
190251
903071
391403
633707
781996
96451
454044
48085
490321
549786
983326
402294
332986
845557
771911
388735
475732
901439
761800
446552
528115
930272
918120
274098
15360
448416
576430
558709
917574
596033
861239
244694
349157
544094
625973
693237
475380
525373
221183
153091
844058
952054
921486
927194
875081
806309
403951
214496
661767
667476
417543
837442
437781
610496
412138
641561
733176
796109
203433
647654
613563
155870
542151
531865
86141
153235
808933
841082
13315
840244
815010
511625
740170
912178
704979
515891
975511
14414
785986
382086
365423
92384
678036
383133
461144
420105
5893
367962
800214
424551
611432
514731
312176
453510
737078
304830
515024
696207
437296
597257
703031
574894
389156
731647
660078
566702
682811
380800
254267
150901
20319
501480
943365
519885
493549
175463
53978
507295
166961
980780
125807
70804
932019
890731
302797
176137
72174
956871
646905
147664
980590
974492
556744
187138
238994
953264
46310
348511
383296
17515
78069
658582
574578
660614
178126
696985
892676
446125
766279
955593
179016
297673
324148
501260
516905
318394
519106
236753
244709
556550
761333
175302
600224
624333
276855
88850
876051
555567
545767
54627
797414
246209
849782
151899
195647
136722
414383
789713
888860
961480
761078
901105
216433
447603
70740
284951
630680
152072
519138
233232
386970
782212
19502
419242
6722
71020
474676
967032
354521
974767
393956
232583
708955
465274
962028
361425
814034
356049
611109
929643
428203
929185
895306
411385
486993
421023
503681
995683
387889
798336
615153
641696
938583
244241
801420
362470
845499
602457
135678
194773
565840
948561
62603
655136
275296
433271
644816
883445
489454
854057
764051
596740
778465
231061
919893
476792
486203
808282
500592
677373
445555
799341
337089
588649
448581
106817
577829
692160
97434
889040
132294
846652
455515
878054
404626
58344
67443
638592
628634
966035
218893
27581
207316
896910
87250
568199
452417
250850
886149
878770
981382
226212
584600
686632
367916
31379
215527
112310
472128
513208
285700
947491
132230
366149
556280
938261
503451
28977
867214
172967
487180
755368
956307
224712
569587
741077
97877
875093
898856
169171
722704
813148
219437
465158
224471
7850
814719
735223
315647
866314
737765
145822
389176
300789
453578
822716
40011
224104
634577
166235
756275
548034
472464
890594
609341
137053
999141
681588
563538
756509
967411
450446
297224
135463
236117
463600
32303
977691
93534
149959
724619
526286
699716
24508
688151
324451
908482
604996
710754
185406
931497
236077
991241
587356
908204
507942
118995
239240
192283
499570
787871
155500
646827
551976
475180
573748
485731
350339
766623
72698
545886
350598
3462
461522
75898
150201
510947
910161
222875
554209
546397
149489
977739
599043
86539
198113
289643
737949
965727
800770
6039
651566
957330
124011
974306
218728
948701
735072
922053
208481
222786
591313
91743
82377
689973
925434
290107
742790
144538
737705
539366
538074
412349
164093
948478
356908
384587
270109
816304
519374
874101
385147
723824
19284
629627
331796
930961
489458
456605
719008
878965
893003
923019
687818
574911
460406
480764
142522
509178
621171
77128
814006
380178
408032
384679
226336
280436
597834
837248
9595
527711
643933
516367
170464
770459
883758
429780
406700
218795
985464
371445
290798
151353
708776
363630
245974
279971
508665
937394
323995
803357
247063
140542
286108
63916
260732
527889
853385
967398
833284
747984
621473
713593
338451
44061
385457
650021
601131
250252
125566
316320
991279
203879
458005
510773
581976
408459
874206
906333
866395
16433
390128
330447
503009
273137
23269
576172
947676
839275
601046
633717
633053
911548
850379
287634
276399
117776
213464
163571
35404
747750
351916
916436
637853
571927
472786
117985
954290
976865
485876
843249
32781
33256
597113
35865
667948
263850
140127
423215
340033
414978
265252
930340
84449
461095
189632
877889
556002
197602
356003
471305
680142
768625
941910
345317
152763
395313
4409
965601
112222
472054
371396
600972
333735
298376
882988
978537
674375
787305
756568
709739
869717
417849
177394
868775
952501
655845
840121
539931
965127
659340
21593
900039
547531
406318
281580
466973
809458
13687
215210
945656
868451
587804
623836
101026
961365
978944
52656
391702
137287
645464
538034
11526
828691
258305
612807
190105
612054
242156
714885
513346
772077
122998
821053
699267
669789
312878
513740
395334
998783
368174
357445
70153
103741
906594
833808
985764
349841
185957
680744
1664
642635
486328
195900
509511
114026
68640
443647
85573
371916
471835
633504
688020
46585
108276
584858
95104
386956
810757
372085
446019
859310
808118
957113
827763
284076
46585
444371
356795
136849
837290
998667
499696
146144
547772
938356
975723
244542
1385
866770
938131
263222
300254
838961
624126
452361
622868
546384
646508
630447
883429
77046
627252
258747
607437
763213
75341
425020
847000
666666
892583
555039
151775
819384
985654
767597
759223
913073
255903
603882
722943
460240
71531
428962
770101
154803
464685
743249
967171
280307
814001
843899
150739
888612
725078
167569
100970
178930
145090
993906
144060
86056
506654
441260
711193
638707
327624
217686
44753
295927
870529
412489
97159
199620
312702
599772
734318
587590
669962
188348
825328
636925
923647
345254
912260
72848
139517
634756
40456
612798
206767
479746
51329
453397
161944
424553
775556
460903
642941
675354
480358
788959
370152
51159
862326
713198
711697
979208
531277
267466
622595
875662
410027
729349
943937
637762
246571
396027
876871
774184
180724
808428
78166
250478
82130
549966
5340
801595
862279
223914
813672
800067
942700
298630
895574
872444
159307
72689
135901
963217
956794
495003
823995
547341
334387
667124
7061
945326
612078
839680
216004
710924
526674
826713
909141
554133
191499
133538
688424
129010
521146
313441
89701
458028
530200
863450
811411
638960
114334
342111
242108
751799
423551
974393
554066
732317
513534
967571
459348
465928
471046
118732
928463
646452
48689
597493
316357
602416
144642
990037
830332
658808
84313
798293
997022
351667
619153
908353
928501
927129
425370
408372
148068
699330
30433
396282
963903
201833
862061
75583
600828
483121
356432
317935
217833
50739
864789
633233
64164
873194
811771
25419
857347
681380
655116
89455
316155
461792
713727
198795
870450
144053
886403
534
114045
362204
454049
634114
518121
777521
66333
861754
922809
16471
451196
3817
818156
714104
454460
544638
405267
711647
248433
862158
681481
980225
732093
899285
679135
624571
674074
815189
341370
277245
876639
549429
205144
401570
464686
915115
847405
662596
450999
373334
607995
855685
187494
800608
309014
497003
337296
281614
417039
22268
71934
535187
921795
847907
810800
87706
304808
739300
614432
114512
973377
562388
883509
114023
558724
229680
398623
414503
611753
942628
558578
998026
138793
546635
216686
198459
967998
295450
185415
4674
511864
271736
877780
179438
119936
449437
404226
617689
360420
623303
132657
644845
306097
493797
382588
970316
17582
871181
392414
717397
17348
490801
7562
793888
478302
887177
124618
615412
597204
841248
350146
592705
438059
981568
882007
57041
153287
181204
778991
102421
353075
346805
83886
691879
759076
668663
894106
176622
250380
720290
344072
952328
326035
481458
848030
532037
511520
807983
455292
144824
965096
956485
403473
690735
28018
96635
374690
356719
339424
181285
26299
353172
492272
863518
971862
618495
73916
387205
645159
208218
570399
47115
805161
151472
581695
681947
780467
821257
725670
446195
629159
157605
593701
897363
329681
389574
403299
274508
638647
41828
553511
531734
66618
818834
544576
417885
247904
402224
257521
967567
879554
253861
158847
894470
603630
737395
331763
84518
783359
894410
908374
393016
792874
974561
292423
234436
122317
780789
357927
621370
725199
693633
924788
874756
253047
182489
430328
573804
32079
227727
82279
565101
875057
178944
893133
327646
601943
18244
169169
788530
445492
886734
64705
165549
678355
572403
546687
302050
439558
471066
699040
339328
248436
798156
294093
328589
260512
162881
141264
488383
65533
690131
997348
750267
810933
378097
314800
117867
319430
673257
935286
175408
310109
81142
536124
17494
854007
14229
693552
689811
386289
827043
880624
861368
266202
459619
279379
790074
607049
186881
911168
304497
397657
286592
2005
178321
149781
862753
930892
72219
811123
