171208
963836
107233
271381
519739
860384
72862
658757
646521
716544
237930
101097
603434
33500
713330
421949
163713
739301
74454
131831
479949
910432
277585
642615
12555
609832
223877
777182
772498
598432
947784
468914
942373
941150
812910
460486
180423
469610
941614
855177
429070
228637
332764
605587
97430
172779
120674
584951
996295
181682
353345
508288
807027
708206
882633
918757
434658
778769
624368
960704
541660
939105
12855
297193
390080
179764
959517
797106
162502
703062
325617
133410
357021
359658
835276
758807
275711
643361
72508
401872
423213
556628
635625
541125
919554
272304
57217
553360
923660
73322
255521
806395
851759
410894
363199
781022
832537
616659
313148
1298
634321
587373
720541
862876
407721
784510
85123
492359
651408
166210
155201
652411
742507
14627
978805
415835
886203
713219
278810
391298
905989
821569
78573
919656
131167
542096
616840
998235
619360
199478
277975
66439
908005
434342
120413
548639
17740
403233
763174
146865
