781954
949368
783890
825547
6625
999429
134640
239554
109985
269624
533665
5560
216513
428603
677650
444019
574904
962898
164917
565461
737938
932410
964337
483297
773512
358492
419488
2559
18091
418219
262312
564355
578465
220773
557436
159516
498518
28203
287793
717868
438190
465350
279318
865109
465389
857508
205444
204976
889719
35268
769678
470840
415408
733869
780971
294555
153491
845146
777370
692852
611846
724082
436702
817992
578668
875841
963168
609876
82876
204791
977693
526674
459834
572112
624899
672122
467766
749587
158705
587483
279334
400600
353128
308245
817816
965631
636592
782248
410178
787842
285745
520135
761565
722178
575276
910626
893430
9596
77543
514908
720130
114496
63354
516099
596865
427911
844563
135298
225798
249607
747447
417359
946327
333743
890627
550376
892000
972582
919179
