288835
2298
357183
38884
640477
806501
222423
884313
320382
240173
300381
228627
670981
524710
919391
65194
611930
695076
103113
760576
718616
254316
407488
623576
465576
677900
383171
916289
213184
592670
304122
631955
479399
809941
413841
482339
925553
726531
553572
726829
795682
214508
356599
890221
424252
994187
903336
767622
728412
256462
539790
270233
949378
193278
695008
259020
862291
44856
295078
614637
722682
403217
784238
88203
205669
624532
459121
746898
458031
243487
327527
756785
179755
701438
128295
893431
404103
764433
524110
176541
373401
855800
340416
11527
518619
751655
37297
561239
98403
610579
368303
87916
332372
383080
965758
331569
342221
39574
917919
711233
378552
832447
76167
951781
464537
548973
726308
535802
237866
960173
905814
987611
697621
538451
44101
70568
901692
924899
903956
81856
968804
206755
919828
214562
350006
164399
78920
428760
293059
657287
964827
836892
542706
414824
861689
442786
350662
22475
81096
723861
941430
41319
41939
232599
161707
466583
685197
732367
681706
961926
544962
655556
709293
387300
514929
659538
632790
32171
121117
164795
518878
337413
317076
98804
474420
582259
738749
898183
617872
213372
745032
619749
923607
449588
181362
184033
842732
299569
94483
462804
192214
845287
770093
723186
628217
8704
471278
712392
635215
357731
617406
672500
749239
562905
870978
143018
733688
21257
265583
306259
110048
6134
277027
426966
286649
222598
472035
751382
6556
5293
694357
123075
769089
878737
401005
965945
910636
470328
564579
45636
54425
492954
951473
658496
368783
138515
383674
296404
454244
190866
130361
646337
829153
791569
932934
739101
627012
56953
293317
928149
564984
747881
644472
162884
668956
677908
891863
338587
765839
115402
79887
73188
610320
188364
551518
997992
695046
83566
131426
601305
405693
51413
928008
331531
563201
698816
350944
478776
758662
969959
238854
450746
586404
961391
279007
927418
291421
278009
990240
457754
588746
237448
575463
909686
383488
10154
356307
18881
872965
127247
655321
391777
962347
944122
252120
440690
338723
455916
371447
116749
791613
19513
851599
327582
432996
996953
786826
866360
418613
83578
778332
787646
954624
900929
951164
558962
594714
223263
795663
842689
869894
705876
675868
378212
418174
46466
511722
748306
980619
377983
44495
106134
494528
988984
71050
91784
966588
651452
891071
420875
509946
150986
173104
45599
373153
816469
93482
19173
915964
906549
207752
276861
880780
840879
502779
543461
813974
979947
817155
248637
674418
298464
761491
584212
270671
862495
374107
84851
461662
390286
101987
641989
510466
131244
478167
446897
913153
746065
236215
417938
309174
279071
759459
972164
480424
65069
169419
306291
390389
3441
624989
779159
264783
218161
800347
429240
192937
589896
415476
743248
462399
301332
98080
471990
426996
121493
954247
251578
693788
806092
536415
222490
584738
853527
68271
696773
259327
321937
54798
149082
405966
396901
587231
753880
190426
3845
930143
761778
722050
804933
335399
310506
465629
555037
430569
704133
693548
765296
500384
4461
484745
199271
641241
579337
278108
79718
678180
285934
983233
622216
339086
715272
349329
178233
430747
393015
612295
224374
985316
664073
79285
387298
39541
999265
593413
925706
275309
296821
899648
637181
708552
543537
891487
875333
213230
160548
632529
88741
261639
582485
494838
188144
788729
984000
415225
395822
627256
673427
513411
193267
878635
863414
979753
779239
928496
30195
879757
185250
683213
763256
984134
586788
822976
325211
500428
875380
600583
186051
309252
548190
819162
749900
780207
9737
866232
845568
801394
703229
368497
888586
564320
623306
813706
323689
111303
924121
571061
85430
960506
125508
614759
544457
946153
833042
679670
748836
574213
927248
30192
211559
486920
126720
336034
180217
972187
598605
42070
661511
716198
793845
592380
626908
252435
113504
609114
964244
658059
95719
33284
741518
231240
286963
131259
665765
558431
718827
192054
36189
10631
593345
604030
830053
835651
636434
832700
362716
888315
346186
11262
483878
506329
885570
520644
730929
883770
898795
413577
472362
395033
990221
190033
151628
271642
188310
887581
418889
661526
249745
504625
902501
369545
635974
616220
910315
786180
459906
584375
794650
586391
470861
748767
283885
149625
944257
480150
4752
689611
183691
608132
255275
360252
227082
216979
907593
826840
888370
16729
624762
398819
572561
575443
878559
791762
252254
531337
873735
902482
755700
70322
113875
908685
601320
77521
76689
792254
328152
843583
586843
734885
71803
359397
78102
516587
621446
521130
431532
989603
128728
209668
925820
866198
661499
27947
796774
481160
203862
719556
801244
825489
119956
766805
485467
119264
101339
385294
825322
370292
570065
519566
48692
134496
93074
625246
132503
489658
90964
598850
552597
148169
140665
821331
74314
663943
148541
414089
270192
713540
625226
707947
673654
696290
683673
947642
435308
354106
22196
642796
886734
401184
724565
713226
86983
852839
882571
110164
192128
240810
820298
187426
727031
904687
754199
755269
276274
628356
313030
77801
175293
691191
649151
386968
246194
49801
425934
390152
580157
92692
437034
871653
149481
640889
465665
791514
359506
965882
496412
998216
375313
779717
733923
259272
802330
122595
1196
931249
213965
10139
586991
350087
714469
493825
30973
686798
788097
453789
36989
181668
501228
973123
405795
275477
275161
265662
370868
167013
514202
528350
940490
683425
63838
520181
432232
428486
862979
786877
13400
696888
579126
350022
19876
983623
580174
450170
734232
312806
65585
978719
86867
187441
505778
211160
960147
625752
216428
289792
705709
549021
374883
513271
161315
959112
583184
952500
238576
170364
252234
745019
134307
937522
256766
218336
610811
668577
715936
51792
657476
46841
946673
152145
405164
865442
201960
990942
848385
820749
578726
131295
919492
365796
865046
9174
208318
956568
323730
533319
943209
86602
487429
926355
58690
306898
439498
252116
235283
996460
878963
875663
721678
696850
615403
9573
126672
478914
941475
124182
460942
182604
781532
458605
302186
826661
585391
486130
153992
879094
33175
560528
750644
702503
988691
786997
446941
775981
621799
942677
440467
241468
394280
905264
425690
429096
846531
778448
414845
15678
505080
32311
932082
214910
517791
283179
623665
730804
854422
361652
749775
792015
745039
402934
591872
976835
974581
44727
35843
335402
610383
241123
654615
647759
725982
852057
262400
888118
134288
569638
477889
433025
702727
748639
2998
593389
678308
527114
508997
672344
176442
626309
182218
38723
256373
189542
561580
550239
529668
626231
979004
140338
946817
610222
754646
666897
473393
293347
840564
661112
804719
72120
382656
732634
674140
530016
504985
976090
193634
596879
917620
75324
228103
892015
796947
597360
800043
298431
941652
448498
292936
527409
918894
866658
806934
211515
913413
107932
287229
484683
972558
636441
336132
408922
106109
578417
925589
941490
457019
577216
278967
401272
657957
624785
853745
230538
80379
209953
987530
479124
327940
497246
235100
115966
690573
586568
83571
654690
324058
391917
726366
541456
510332
87533
778536
370135
395056
513629
375689
56652
744703
252500
291206
662120
575570
313391
321001
834367
961085
932711
478631
383847
866877
547168
477300
906311
54045
696406
102459
62330
771559
892218
540009
38327
434104
27245
980849
614826
477060
757227
355046
47778
490002
976208
610314
632950
881931
574347
120713
112681
587192
175733
994101
208594
255649
71455
113811
567833
479324
48853
164818
231069
738686
171386
350016
989092
291207
447871
944641
993392
141472
822656
934013
165832
532889
554728
432990
435415
114187
178258
802331
574487
566143
998405
226004
97789
48641
376021
201387
162159
258653
168609
602138
223749
631855
832594
803554
518406
377816
958620
577329
410797
545808
703160
405931
603034
479197
494475
481905
33062
617924
189121
3026
237998
220803
909672
456985
771253
762569
361893
387727
665396
484807
955641
625264
286816
80779
749814
793
6727
188429
635642
680640
867091
145703
133101
572138
650094
663346
337129
728793
2556
824536
148653
646910
735255
299820
541433
242362
323729
860411
87310
198774
618742
612645
86820
735631
776804
849575
145213
206349
651638
141882
801420
750050
109051
783808
155708
933200
67170
383674
171662
407481
816941
820359
776714
14808
718577
898519
697917
729443
472306
358178
379147
723982
678982
772741
978692
847057
589312
668004
995517
179984
433447
911021
975707
560065
863431
250755
483387
763580
436560
259855
868041
809402
964983
318249
44988
590215
587036
166586
408945
828576
69143
845687
301205
799100
388462
965773
391939
259561
93686
349762
315503
511087
11109
272410
415215
212199
895011
973911
972611
298050
148679
499975
218557
9924
459307
621711
502210
238864
759784
82136
851713
355666
425201
275858
366795
400708
400420
843809
648007
336000
964572
327124
10787
115086
252071
950119
444570
620195
236699
750388
407964
435580
526314
24438
65588
301912
494487
751415
65091
906358
345985
801387
649467
120386
563128
243122
259775
931608
395906
330435
748854
748157
926816
57433
440935
349638
201877
41316
315549
482168
509894
373082
354962
35450
998686
57606
448139
273545
38749
325635
8960
866305
946197
995167
454683
754533
763273
62857
806039
612629
990734
838049
966531
236020
291154
447495
23386
792765
682212
783946
869745
92209
227051
924443
353024
352007
867972
155791
174125
429612
617346
440478
295674
814146
219202
80585
655550
464905
903864
603345
212975
353980
155644
368166
372151
670281
272274
762222
278385
939083
190070
280724
601121
316356
337123
444434
698947
407526
840623
623659
899783
775441
842393
503887
962452
104947
260861
315018
814885
694337
18103
642013
271268
489147
443190
422542
59322
597262
456395
285985
272317
426817
210204
42952
305951
830084
276157
679081
330807
484473
716106
4330
678454
864342
248807
62588
424076
876762
810289
464308
552206
819624
509576
946329
24191
948185
276239
151803
982824
984344
23076
728531
438965
807255
792506
207014
591703
38250
291121
128693
667349
801961
614342
931061
724687
650048
65371
550424
372245
808504
938965
784963
470079
538511
725646
543168
71759
535443
7884
218336
80155
963564
647907
726796
210373
201775
978026
255927
599886
900548
770249
852666
126853
945092
236025
666953
810983
460570
772113
28399
851194
425603
91823
670962
997206
142111
694529
822527
637464
851305
653874
809882
828865
917909
482855
429198
429924
654339
366008
345194
273741
120179
396229
175943
572460
478158
896610
483855
591040
710309
778864
686875
915481
19497
22816
439151
428934
446682
88242
102673
847440
349440
355099
325584
732493
198059
587800
660982
839186
788337
907854
813439
812816
378898
385514
76876
619570
509309
328395
93182
310218
447224
692970
743740
967051
333815
232389
367035
911652
82368
147065
871202
768152
473586
780766
518315
73760
950132
604299
123107
239693
554271
751116
551055
932206
858762
655801
991442
169473
412791
99382
79254
571812
932962
282592
714489
152934
365551
568141
582596
642946
443064
685155
751539
640457
704615
156224
514038
669273
906626
896951
967775
910
330788
551595
253351
240477
767445
189883
769261
732055
815430
491679
546399
151352
732030
632270
783412
103679
766602
268928
478010
680024
455197
59380
634120
923105
930502
669764
270111
166997
152315
665310
646212
341079
408656
440180
444777
613242
485648
534183
847143
308649
68391
493289
743971
514981
330526
62614
417051
583888
825685
266495
461383
232961
992952
971224
320274
11309
248824
257197
547944
203043
344141
459173
335988
266250
988598
393743
365496
496759
892537
703347
429764
381031
779968
504378
942118
963494
253429
989873
289545
36044
198654
632826
471857
569236
429614
856601
905639
427995
511910
494844
358340
214860
173327
942434
409324
654278
178517
479258
757544
301432
806919
347359
778375
78243
255271
613376
206969
411412
516805
759465
497475
561292
511105
949396
890308
927662
120346
624816
209565
977277
293781
88898
877094
89255
198653
747580
188334
76108
538603
378257
519706
566417
585935
420497
265214
38167
996256
342717
771356
762832
458621
800379
593117
175895
593871
636231
305230
261282
414466
690065
474056
143752
325772
331493
847390
63759
315075
470462
347491
371769
688161
894757
555902
661387
241846
996582
130016
862419
289228
783547
875940
363575
539254
855078
52645
960068
244192
720399
480061
149170
41869
718017
928781
300230
406274
674583
528052
482074
738009
761218
592757
853630
94951
46891
725220
660969
971696
176439
733685
413284
283062
262673
157056
717681
267717
537853
804128
576567
73343
170125
96042
186643
706283
657300
670573
242991
405004
386312
503524
286269
461870
857686
451586
87677
159550
252650
950994
738425
497230
927976
559346
382542
506509
958971
717276
176365
182065
663962
315632
620072
200696
3304
767944
909422
371906
982115
859968
19184
521840
696665
936052
25730
145569
767929
705655
933963
269863
961406
583157
539559
557651
888769
100434
863854
860244
459860
805912
706957
535187
688756
236312
739398
766017
819688
305315
851075
62750
145046
263870
316865
830986
495020
643493
763057
854902
928259
953194
995763
658212
683060
554598
772416
661867
284754
512054
33231
826329
485622
528685
909737
235676
731855
566645
972151
829261
715001
437813
865072
181605
124315
337915
872912
178012
159745
199888
459249
163327
670857
101067
892163
174064
207423
1842
941772
882072
86752
112970
407080
831123
828815
138499
213211
563459
89190
475077
148097
535345
161539
60887
684810
924681
949585
949770
998329
184776
81441
717002
779990
594230
709673
253935
564504
326111
636307
521848
806345
555870
408597
712976
375423
276056
997074
800852
820017
442480
862253
170523
772973
135354
496638
258403
303031
997073
483726
345477
113962
977513
938756
140202
178680
152791
150110
549516
488237
176561
155919
781227
937056
851275
239090
386680
478927
911162
580108
687606
557146
156614
776521
715335
865850
875316
469243
61754
651129
431589
964764
280890
489752
29305
758239
77754
122496
606877
21824
773020
850191
820788
363060
690356
938630
972783
150022
234440
360310
738552
316665
584040
145382
491089
807119
614401
999158
290967
466500
436652
238330
106480
808292
265181
388773
230192
452784
100821
676049
318240
651285
188920
205930
6664
729312
227974
929201
867857
466106
831840
423185
485644
782575
312556
886522
518534
283321
311819
57119
483169
181986
52038
293976
832752
937895
392726
891197
529585
966731
378793
833723
340102
528839
960454
883015
362270
6201
672646
562388
442579
888869
294065
638321
650602
536886
839875
297654
567013
3940
158410
63986
197948
679988
391564
121623
842251
150734
941046
666900
166157
109591
31418
628134
381835
487961
588707
212156
231981
779321
105892
348970
252763
112468
332580
677384
873644
988585
531469
918773
706767
52462
908436
56081
950831
555887
98451
639987
131840
705877
211641
912351
49428
57128
765450
891599
466931
611524
749408
677682
70650
166224
861390
188014
81547
309597
945237
878823
49499
22973
530132
77152
930752
745595
636340
662670
499043
685134
720431
550798
125038
603438
241556
270491
422072
205692
217095
170965
869982
170341
364938
731378
680456
224415
649519
286243
889200
837840
605915
929251
76660
927829
61247
526155
743951
272982
275902
178530
767607
766963
177478
350858
875919
146843
344857
672910
60870
531411
786333
908367
460870
69297
748328
509483
43639
436457
387440
889713
392409
651387
450533
665320
936529
209315
825452
541224
902887
833209
843615
139947
517299
341744
433896
176509
818166
881493
957240
65816
473203
20438
834453
105848
24426
915516
654075
438392
151427
507945
438629
966813
966012
73760
756876
243514
503778
442553
638883
638697
20624
115766
490980
526214
545198
150208
293663
785372
780588
799943
532336
731183
813162
725020
989631
103478
666034
450763
131135
997404
946045
566531
638205
902861
290543
411701
256068
576070
969086
827000
772526
115322
927042
572046
413338
603573
513961
231082
890945
656569
181190
141661
484495
536308
22980
199503
990756
678195
67069
430905
947608
744687
523250
879159
460910
742878
536878
226836
439745
757545
312772
713374
419365
608584
234046
83672
281182
357039
368316
518040
771058
710558
774636
484322
591008
327098
221129
799870
311690
768924
981959
172389
914387
922720
380142
821982
216985
376492
801610
931598
159420
317556
906372
312828
327828
329716
386813
318070
78840
902760
843609
907555
432281
601936
250981
50078
63556
152179
806687
725433
617209
995802
415429
175383
631021
6378
104793
404747
561531
76754
927536
591086
848405
561127
70384
951140
705105
832046
263868
936101
316038
682505
829880
378681
998293
978709
160524
812222
913896
176136
529654
141729
755410
976456
460041
784420
218439
452415
49240
465992
881263
811502
175729
859732
524398
607794
570088
96307
459287
323110
594661
739701
819548
259393
650991
776604
597276
779287
305647
972401
879222
218811
206540
963714
119345
962230
366801
222850
797076
4072
17665
925012
689772
685623
571576
653844
325322
938067
577326
151903
934828
569675
932661
462728
745627
655014
570674
254211
614893
383342
45180
416995
192170
928152
897766
94138
683407
688044
736729
850692
936806
272018
750296
274183
121105
150692
767232
862480
244278
538656
715975
845583
259474
952623
486113
318251
727904
781796
589068
697865
873103
910970
736587
120020
202223
495831
80712
509549
615780
419855
29506
778910
313043
142567
284543
299081
256834
216979
710603
788499
884981
94854
689696
438222
675814
794555
11639
335651
482329
59263
679286
362297
130072
137848
372995
481946
464320
334993
849735
184376
963172
59329
10838
34611
251767
733606
875877
142222
888770
512709
495069
719670
741339
61694
335882
353637
718210
420151
655593
424555
464928
999935
843290
652480
90992
762181
605491
721033
467595
993189
241708
250332
807918
769286
110156
206339
936193
453037
270243
923272
335038
841422
292354
734599
115365
127016
639170
129543
622511
261164
555592
197698
498476
668463
260743
501903
396658
562799
803795
455106
439974
552926
932876
767359
213267
76924
802502
771233
317374
796533
144783
23341
566365
958438
895547
272055
211862
341206
388290
769109
578341
750616
260282
236726
952445
299150
255996
577303
772085
157846
757789
546016
347294
576783
199049
416936
766868
186611
236343
235488
847611
797597
13984
994544
906828
438632
436576
228223
328150
939550
932497
821735
713620
882378
902829
531474
332430
867833
57097
936055
602095
296035
433252
590549
338851
712515
550329
526188
883340
251391
247733
961097
446443
879845
749997
895584
799862
191080
98365
919251
907698
885596
587020
959743
640970
351667
272762
974365
32105
680340
960981
192436
457426
769522
607590
777258
154889
934471
486057
469344
732056
93145
615241
770247
349154
711901
468461
427953
93108
612175
359294
335648
952529
308482
654148
600779
603002
279595
330697
305831
624012
748825
207130
400411
643765
305995
142829
535715
398381
755450
77457
808569
462137
731805
843368
286229
428856
774144
466213
573891
458554
48614
161004
413395
445416
204955
439711
641992
260870
525399
208340
802793
642657
944450
409953
348396
52207
352859
363719
4510
917669
580883
205595
201263
899757
933019
551912
330164
858047
578269
59850
34284
102870
256064
560832
360917
860597
812875
914687
156551
670950
763803
21058
978153
94084
60861
98090
624865
410424
386968
564132
765723
968226
499685
719154
742490
873919
910627
277824
401132
580820
758872
550148
541269
250415
564682
723921
732214
8345
586864
557548
227729
12750
65204
231765
160709
923825
526825
67808
742284
659645
131913
272520
933662
895732
593312
364779
536890
946060
213032
500021
743888
138825
426467
552763
747156
229229
629671
786970
657467
838691
319087
688732
598689
450220
550485
256682
843978
694336
550145
332949
598247
7926
843939
351880
404037
900203
39776
782563
509970
745212
796579
226758
936981
691320
318183
844528
889024
610175
467798
197524
267251
648409
251690
922544
188039
384145
950074
50967
617506
224174
263013
303181
314435
160676
100421
224609
676165
34340
287366
922494
759268
675185
886601
584025
18665
33045
433384
460661
498066
695120
937161
635652
392807
265938
141758
65766
348700
917504
191602
825140
379115
608780
70444
874598
13805
886250
6915
866017
486631
256960
294457
948714
27372
202890
913660
697208
266346
224723
433150
107322
434476
391639
855134
494948
506782
369670
466731
224889
36924
889315
458693
55023
387999
296609
766697
463392
54648
435338
248502
211679
959807
323566
693899
935884
731174
11906
322600
896668
837397
157704
394227
595117
684107
716375
317280
631303
762135
86410
714896
160492
115667
776024
34060
698947
391842
781369
542844
614194
411981
123736
630056
229938
416141
561462
417392
819645
34639
616630
716383
320126
242072
432967
743961
165046
725264
599478
201060
314373
388394
60928
263411
297837
639681
808483
142138
680239
818030
498342
854796
763074
306428
563748
736692
854503
309137
383880
644089
210590
331908
793589
332445
80361
223907
600759
281632
225034
967754
680585
863187
429240
317086
368370
869799
758212
41433
357771
818231
927415
165482
558562
203459
705672
743657
15550
737131
955831
676230
740126
345037
764385
195132
223427
277745
760493
633342
695266
207418
103762
585553
885698
17165
103667
721487
892663
70938
282701
411795
864277
310394
994449
457201
669578
807883
13221
318745
909282
894048
279448
393123
754073
727970
248667
25199
193877
539620
559613
652525
490620
392961
917022
833833
626637
854265
42791
383325
946312
783556
209433
517953
405314
606078
637906
390017
685649
583727
210037
684119
125070
879039
98498
45715
955853
544074
585741
282243
456889
300216
143651
855130
382531
710305
336314
820410
794262
77119
642239
444484
586629
18131
884155
936885
286827
299384
610389
796781
921144
598699
696492
684848
987000
407112
661397
527965
75629
320645
585687
862998
200319
780767
153620
617650
11623
585195
943565
526442
131309
379417
343993
378522
151030
159303
780064
915445
475765
831109
295734
694290
913457
208098
400637
475116
417854
638936
120027
765087
125634
633583
638985
729415
424223
112520
854771
688634
959402
727824
849331
708006
738401
10358
213221
109631
358383
402198
460956
468246
68172
378838
153261
195996
819701
531212
515054
353105
865489
45804
271158
863818
310211
682297
185991
146752
639008
330721
698513
202040
954859
662078
28901
147693
343227
564653
433609
921991
94859
739126
392562
651973
69185
74713
413458
726455
522434
729981
357794
956383
904330
265630
228901
724255
725853
624162
180365
312640
137517
991077
485423
389182
806304
734682
48278
678668
747564
571314
900034
831764
415682
198668
207364
691192
439366
897260
491547
279282
73194
892838
816033
753276
818262
39194
90249
490555
886154
324390
216242
510035
929852
97214
230670
282051
485058
715089
769459
604578
399140
506125
232390
712282
873515
851138
981627
99489
240391
273311
20408
319563
909813
183064
107332
939398
114949
359662
844407
839155
884520
15043
365896
34391
175518
829038
536004
509059
467597
299988
657734
530474
457570
465339
474033
440734
43621
758699
535747
461439
656495
564209
647498
514730
421954
372362
386808
414027
163628
852158
72931
778930
15212
360516
233347
296718
682649
769066
741126
779376
983405
303489
998904
101399
192576
759445
945092
606706
531596
291149
608816
524640
759905
51540
234915
117576
845524
522991
26331
167696
283784
897696
610712
957706
511834
408711
842861
278855
902867
393231
546578
686304
628527
696906
961183
106659
19915
433883
447437
303382
129711
664739
928078
590432
408704
893257
968540
913970
665908
652289
951271
629806
68045
72032
521961
937510
697922
83268
517165
922591
959239
605398
96812
81410
803049
129294
259006
720223
624640
272435
784245
946198
392742
935956
946140
357451
396883
523537
597626
140055
446702
776469
422289
132741
410870
682408
694187
788193
449296
566437
630176
495786
676627
388792
714358
305448
336539
460232
823316
658815
475566
647960
480848
501387
13772
844788
651444
904130
282780
865596
521211
385545
752122
613123
557643
491685
199056
509850
247224
279600
476215
546875
295073
900288
286142
50870
178323
395990
561233
462329
182615
832532
697189
124555
365178
278900
435091
699004
663973
504020
202679
892530
885017
44815
379393
807922
336541
145068
438201
732522
553372
67867
406183
638643
26143
714875
270611
487942
188348
833494
435641
654346
339860
533368
602688
257199
450704
118778
758423
37587
382653
922237
582041
229768
488605
104010
258951
801472
110902
60338
712265
460257
715299
756600
35713
599500
650914
374734
913436
861800
414362
745138
273640
709503
802628
224750
627537
819422
10542
850577
714009
362551
781240
501826
578556
205022
161221
863400
645958
857132
91933
48627
812749
775619
949676
355803
799105
19530
639548
376233
766301
554616
610181
37270
429141
295251
848089
358824
631024
95614
37451
349522
769764
890271
20844
402488
302339
96240
689876
977239
681644
890397
882207
933545
761404
587073
415239
435368
724651
437991
82482
440332
991841
508880
324548
699052
722960
816570
184964
236904
57587
170110
113237
312066
249188
126806
974736
788914
50702
812532
805331
132723
780077
149360
121902
236076
590337
645765
150497
352446
14153
857856
407186
992769
252438
557644
135848
589469
490323
807559
754460
745548
654898
534637
330532
626713
592990
686980
843701
836351
95031
180439
556453
675334
888148
188502
430702
311352
452419
720060
269525
916394
503555
421947
679068
952573
510243
793508
25607
667672
955411
767180
455955
802068
760771
468401
348925
123552
555965
960410
656594
654692
713943
84349
291648
609309
189420
736681
795288
861184
779495
523129
445906
954823
961997
892454
139200
764835
29787
886850
69363
463861
172047
95692
526062
574634
832500
269023
502818
501019
632958
227929
848341
915809
351425
444390
678339
103563
891680
128348
22639
689311
546748
925768
321087
859558
285872
788450
843266
622872
794972
208376
990691
572795
790529
124869
908190
501614
266595
444365
901809
254890
909897
739356
379659
767869
17639
705696
897418
278726
520682
853338
332015
507214
174306
655641
92752
67143
432717
533484
975274
249168
202806
185683
125612
15029
997292
127176
75089
930318
544763
159646
559674
997639
129066
269141
839389
523188
10043
119767
214498
427656
980652
728115
196441
841068
194745
106136
743924
644578
630132
625728
450835
597838
217494
892616
890316
214947
253682
971663
899578
789229
342413
833851
48517
571087
973257
891182
745684
942321
305966
262285
478558
507202
82166
169476
321585
392662
860612
401931
335526
157797
8510
350259
519232
758665
964501
532680
525190
782772
2674
132391
139549
742021
97464
554194
285098
866479
719641
766511
113561
977852
325745
27237
923000
555925
642632
442022
797058
133576
860397
95974
727100
863590
964025
824365
388729
279199
934222
976679
941330
251781
522736
844872
430584
300974
236128
820946
371187
146008
521379
456311
436180
1656
88470
262331
874035
240420
2909
612817
350225
830137
647965
352285
743594
907109
913342
70882
346378
900050
939863
695281
433549
865556
818629
191657
883579
835859
149108
570675
225055
351970
171340
183729
747361
8365
532598
522020
338642
442090
973597
313985
100140
855322
251812
817026
885046
982632
181705
874233
823009
458627
739658
709805
525323
565974
728478
367089
203771
558414
666590
511562
796887
218298
608966
21676
307083
591286
145851
861126
465172
871276
105172
787696
479208
857947
23907
401183
685681
615979
245460
308692
476720
80044
21479
985857
926558
613973
922383
757632
615315
667623
610552
401046
149533
879572
923362
355649
443335
46904
174050
70608
141578
544403
288974
704065
259664
454748
285289
193611
539929
102538
415005
115013
978202
5448
119124
533252
483830
471311
762895
718056
690713
518771
566592
701097
74865
795003
439762
347652
269224
384946
878372
765076
596634
4332
879002
919098
512222
442874
562724
684774
78594
616689
810514
436342
844657
233526
435525
792041
580276
549705
332176
671603
650725
579362
586146
373978
573413
702627
883441
773609
290683
562896
311376
221474
540185
656431
835888
21237
866736
542037
196526
644992
140733
282636
918676
629544
361070
387233
444809
312580
603183
297402
703260
196681
410401
525053
559607
691108
474359
607237
444200
467428
293069
545590
969258
960028
253695
23885
947716
91090
670824
980382
433191
40324
172219
918879
175967
416103
706926
575969
695678
751269
880495
691523
600011
785541
965772
6888
495749
646050
731521
439505
269479
177712
510640
962622
312855
376450
394708
672919
79436
380920
860416
213005
679446
789589
398836
683755
62332
218824
768133
17623
283755
64740
316414
311141
431069
854782
408307
774099
205290
193012
99750
116638
599463
896096
87919
432219
145207
961306
224021
201322
550441
511217
102005
143496
242985
946591
549213
965199
520443
736340
837502
235419
329505
495568
20651
38310
321776
603223
608211
595149
542661
70322
763923
308544
739355
277997
417857
696344
119823
184360
666397
142892
296399
183979
827867
219451
977812
603467
365766
425190
788115
219052
965745
485423
961110
24653
6572
900955
684072
358386
843369
268820
639283
64069
134746
267116
818671
532550
359846
538596
917955
381175
934990
794
681814
254247
308516
266054
773560
686538
486419
214028
966953
600490
775923
280446
964865
259814
387040
796129
987783
518585
704111
265137
878259
638707
45725
899543
224500
815498
628298
332854
70358
289547
343363
535023
362055
288146
774577
33961
185627
259386
518528
719030
604941
226972
144704
504055
359458
576879
583121
849343
210092
802189
866135
624921
895335
479395
185339
654759
49918
473827
596203
62319
688981
996388
57234
970358
189083
3882
406079
413111
893057
984941
297279
138169
583204
825742
63566
2750
929972
568169
849062
120307
957462
881753
649903
82429
224353
580741
880185
697245
559574
672430
782560
998372
107882
668616
785953
520893
756393
661426
153327
839725
580692
305893
184490
393230
665541
980193
433269
201059
475430
444713
128106
626455
694754
760446
863769
760259
5541
658656
673438
35242
579382
857866
204605
799848
147299
953425
652056
161855
53670
773138
462741
37197
53015
348051
447491
749676
170135
764623
208972
471555
903205
306908
701984
958631
702748
110441
117792
825025
68397
139624
136074
133215
405278
867472
856274
741022
346825
756981
392162
441896
356952
604727
941461
116243
64478
540354
344669
484695
925752
618842
858819
692171
519956
35525
756915
447967
149494
937874
966041
701385
324859
543253
267649
213383
283915
898938
799118
832959
279198
628491
911218
194098
908343
828737
115727
287008
901137
365972
371915
578497
179978
969437
865752
390054
890723
306093
597505
811784
234311
517484
649293
924258
770946
29246
922566
572017
162362
690470
74326
738766
349097
389957
277861
80231
866258
868178
914968
83760
730934
993407
207656
550193
646800
67285
200216
302955
484764
201259
676129
474276
606362
955473
79568
218094
219561
523211
240681
883148
13345
804905
904716
528847
199631
46619
41923
854552
398089
534219
253726
500464
901442
494268
961731
884509
573492
856439
711008
71705
681831
45032
652039
49966
860202
454617
728858
965247
947752
676388
695082
50098
454682
600283
951203
300619
742632
940357
465352
188293
352630
875567
172775
713869
467619
964548
412950
345322
475787
169413
103154
799921
456737
107278
573844
934567
983886
392881
368037
919950
583368
252045
865812
713536
129540
808990
824769
286999
78560
298160
217201
780162
518665
94917
222362
730149
617549
29909
326417
315911
261732
749566
20602
365754
874759
588902
498739
89586
816304
468656
121519
86546
156192
987866
729033
747924
900
972919
192407
5222
193206
565314
856203
290740
425496
744849
512366
74114
758910
852923
35182
238046
98764
389378
374306
904967
347604
354836
231714
400329
945419
763835
376134
307154
144692
177637
593752
70666
678977
666157
465474
66286
712390
584018
798565
752854
70950
449500
456653
537980
685071
130409
777750
876085
90870
173571
200626
847551
517801
698179
600758
824441
804531
286856
112667
315516
517650
81119
167173
759964
353835
739996
907663
950061
50849
265171
111673
330202
127725
902059
665412
314883
128503
322897
48375
219857
850536
156891
519854
774132
709130
842093
144542
558743
31944
453413
825167
181884
912203
191684
530578
518531
799149
981199
77374
246450
926444
79761
266000
585913
308648
234451
623319
277610
933663
665462
115630
39008
263371
761643
377807
15116
774639
864937
861058
398154
850591
231550
165609
579235
995094
965507
409006
367838
427170
907815
505457
502847
68359
843248
861387
791517
498203
506111
625943
733280
30220
690687
593544
712169
368358
668762
510824
365915
808961
418036
389775
190137
839420
328192
286384
609880
463523
62542
992203
256352
585211
340910
327900
707327
803805
150582
178834
357030
647619
72040
819260
43950
74922
815429
517639
991396
660944
447307
473778
352303
169970
775087
524989
141886
464089
587988
147675
394425
656794
495084
276281
311386
187153
277867
347088
391014
213856
422398
554598
309028
374032
99445
515294
738557
652597
16918
473691
61504
65828
121739
293446
249645
648686
921033
169591
631612
198697
594942
209335
785488
470297
426462
884987
746397
189946
286074
591560
805697
893558
828072
73111
213318
65484
389571
932139
803879
994133
231166
358966
508408
486939
52529
878016
153108
937014
19103
334676
616112
33796
583246
409230
390641
182060
656906
9302
598001
486935
960712
488586
763239
273108
197173
135632
886736
912927
76758
949843
322841
571548
338989
133102
740984
300528
690909
918799
193074
82708
375147
709341
339721
752580
414238
103152
957549
975328
89600
585755
703441
900003
713194
626350
145709
429278
586193
361073
50541
584513
380304
844492
151281
229403
961234
638373
964373
922196
911477
127367
668428
626847
393827
671034
327011
237442
228652
427320
816718
883600
991051
223047
458127
722897
254175
398495
910855
62089
433454
183051
983920
61716
318282
13215
794140
133681
17812
468454
490611
976430
448463
417001
536115
294917
506363
672525
760901
243960
862864
223238
601015
715126
626666
164438
384571
444416
330192
676847
61942
122369
131700
409261
558899
495566
904024
844759
260235
943710
259313
955637
988457
301384
824045
68056
595628
456931
101746
154359
667267
504406
359112
664353
705396
621584
218295
326892
740343
886746
123747
482291
650830
859646
112850
305856
786927
846611
869905
927637
329494
710075
942428
443470
370232
881838
643465
93238
459897
12534
169815
437031
472575
628902
873432
125929
84839
826825
410613
645905
407837
599128
882540
580704
22386
661330
165442
880579
446963
696584
669526
389377
587016
195529
705513
723837
24252
646980
226476
163375
212303
990300
126437
225053
395184
173134
563970
427305
987813
114557
901037
796026
585929
777907
56537
412756
130627
563598
146190
169991
788470
300508
939718
447942
993485
995898
830864
864675
395121
117603
629506
284198
145627
669897
624972
401032
108069
288233
693265
337681
840718
565811
354837
914680
454587
715909
577481
362791
966776
811583
937045
426901
895100
506612
801427
722434
500577
45417
26639
982020
527638
126739
655013
267296
561307
8735
576783
998361
723806
950520
739264
53349
611554
493686
336340
579503
770326
270706
620044
573399
46479
953187
973772
791099
288742
113465
763882
151860
100130
185625
433426
841939
283743
235740
265933
531937
401193
682214
418052
540613
234915
449159
282946
503092
822802
989022
902459
627742
922331
4430
780201
575706
341369
443474
959850
129160
658538
490898
835720
742822
368040
326994
517724
155849
280008
376185
542651
28921
244087
999900
949552
820309
526137
469485
982074
683673
487022
43900
14941
608130
237183
103177
190943
636280
279376
792173
34271
748637
222806
712666
515814
212048
970781
113174
278339
4021
544021
441903
786430
358728
585154
966345
409564
120616
609543
411545
813194
236548
837613
334909
542312
997340
413737
559754
888451
622833
682917
939693
582822
342957
180641
296039
303440
375601
291495
652170
629398
485617
125005
494848
283180
243781
166067
307511
42707
779774
718415
467405
378868
205659
225896
960147
588410
112027
190742
590998
62395
104064
515679
912990
851427
965884
900289
614105
699864
35948
295415
807541
142872
706134
218836
223595
39791
29039
899590
847632
828576
567009
760048
597328
687094
147730
379768
683373
569595
118710
944607
113754
961281
961305
245825
665286
900282
100294
91269
426556
291079
279402
819220
641359
538716
107460
392761
429658
167532
575979
5701
944362
550246
912746
26058
750358
258837
559576
111446
679751
210417
971809
180325
699210
83599
345268
916371
702644
324030
139700
26439
139160
446857
337496
409756
839708
521986
570623
900384
162140
866137
485338
224739
496931
556215
903178
686113
928438
727801
879096
204138
115524
327533
32539
840275
725765
56878
858795
517729
944529
210954
145997
110965
668809
691147
872454
29775
937273
10263
825356
218847
150903
133066
429843
24848
900283
934
724332
676963
398547
454502
108555
828641
283164
597957
721115
597311
96920
558454
114474
68901
360064
177065
175101
647680
238919
68087
273919
251970
405226
971891
837209
372398
151918
619071
132516
531030
534154
158965
126113
147701
877076
639004
322121
857290
482763
472716
526817
908623
401583
163130
306993
113433
102875
291205
735151
182631
481596
724114
79688
73692
928543
79599
331438
898700
429569
724347
783842
720566
674172
230183
556455
141275
788940
660183
722452
234483
816167
239800
248336
249804
328167
989667
475042
798313
951314
