316390
948585
434326
127369
101747
113371
830920
925894
883424
304814
961081
958765
675886
795173
179333
879324
182370
380613
375608
488270
481937
307464
815882
909854
927146
571297
984300
824327
561586
354599
155886
939194
391146
431768
162840
738929
27599
711191
954604
665945
167774
314712
49351
975843
413329
331952
967703
641279
452505
143233
863708
859407
459710
153087
550706
741042
90948
450144
793471
154338
412084
183149
177491
807266
125397
245760
150918
866985
616877
247157
412805
432284
608591
612227
138071
414309
834946
697940
417491
78981
167581
409836
933604
896148
693197
716771
321531
5851
285670
104123
840443
437869
792818
17491
495512
439653
701584
154391
274762
262082
235992
556722
703330
881332
744194
598834
333645
370698
976104
864713
454308
752094
172019
429665
562562
799730
257558
825135
994730
732448
125354
914067
648480
340469
550950
598311
95070
496046
159165
932883
857066
393798
126256
548294
489358
325541
817980
591920
683566
967445
303506
59391
335563
652760
223961
282087
402766
201743
242574
328012
438233
278163
905340
66075
877457
73314
810336
656735
849258
290064
717930
451238
470245
583503
305454
830223
537539
621551
622661
671147
118958
293060
971146
931521
772914
147808
544050
869935
787418
565959
509990
500158
585797
309888
333793
944689
839271
375547
676261
868077
414557
543847
747736
228696
884724
865676
965639
682409
355370
184120
886108
295806
585517
642768
450022
446071
336464
841938
272621
430538
129908
47523
71453
436388
966887
539854
34818
925981
325890
221907
746165
337686
185702
410555
432918
118631
289983
255136
967348
229183
236882
699218
72442
875062
430696
880943
196652
625304
798708
517102
790766
892753
174846
313336
973822
363081
753077
511307
264891
163669
603071
719170
917830
769844
251505
992078
814641
314499
82533
54145
710702
649412
546660
338536
353059
482157
494721
517132
228036
978973
998192
803237
128423
695436
411329
178021
230032
570495
69797
227580
158799
163912
369883
762868
44183
191029
884173
689196
419039
595991
423143
839265
803616
38762
119360
443057
789341
557581
290908
485203
994036
573259
836046
179700
310108
353041
24400
239116
741316
63303
908308
979175
156110
576157
802363
988917
936416
759593
866034
36929
717528
690786
957232
204208
514987
237122
126468
692605
356205
83064
838386
620715
41098
706296
551082
294315
611059
520487
962791
690666
12098
314810
224480
867836
841024
189601
748300
747218
44940
841479
76764
711451
614941
79676
699585
194074
28908
1266
218265
481555
885810
564477
103933
184522
448421
436461
217705
244086
236825
160784
758925
979947
793934
660298
629080
907154
106228
862709
314840
770191
423871
283589
776790
445567
532243
98697
754501
127276
128803
172123
533593
102037
515786
690825
564186
438651
903406
309528
251215
308953
318682
800276
554100
897876
162352
714531
79293
531823
325159
891443
249572
451887
620047
449314
996330
836822
266750
101203
896404
142685
291245
935004
853634
12709
933647
353817
518843
709459
859479
745245
206367
910686
85341
604404
924219
794541
683153
51643
311980
616937
13557
531694
283975
177830
44116
449231
192932
554794
461633
307318
17605
886921
417964
564307
835537
834495
770129
167145
374741
448723
25509
424948
498162
675315
167625
481719
916399
437126
641371
197156
263711
377518
484464
666512
861471
615143
985681
831994
613700
755829
102514
735219
109681
960218
141389
984915
408232
8306
772054
262427
942812
799217
917122
236654
166379
116742
360353
115550
752544
69322
229146
124721
424686
43897
311462
668947
134292
85760
340939
308538
637865
872152
922205
645029
739857
692668
314975
961068
883286
151213
691396
794620
222000
654031
838991
571380
970056
984507
156021
612151
691313
777877
938225
955320
843824
54356
161721
372658
293917
740975
688104
582386
657382
383793
283337
341211
258220
308422
644244
266749
374271
828565
786008
70036
395721
709026
6037
872382
299553
317909
310290
428566
606450
311465
885747
127747
167399
274795
16432
712570
674932
400282
451272
187754
670036
423921
223414
875019
213388
142805
914353
7678
534350
619210
508737
771714
58341
290207
441756
897717
157435
224849
738968
811106
769416
601823
905082
775102
180962
31628
801693
540116
285722
702967
857746
570351
852826
905678
219628
572642
25599
653296
391143
759258
889316
412927
551839
222801
453543
230035
148677
265448
262604
54436
475492
510148
456409
268354
129253
289007
262926
190390
581289
193000
434753
418189
648462
501736
687111
998627
148580
620289
977865
945160
978886
927707
167046
429358
410203
171454
262855
357414
46892
450452
502953
987425
493357
520520
270973
879494
92715
565924
348404
453815
55180
36076
585241
652725
40741
511682
575291
806821
395472
143539
381679
747639
838913
134820
149017
525546
9782
283190
343416
395843
786590
25216
17309
301431
417084
532463
626301
493888
371671
70159
326085
670439
635713
363699
843286
288608
107946
984995
578207
954741
741702
514771
622050
523300
763846
104658
405335
432298
611694
914494
147910
448488
904723
44953
143758
758670
899741
229956
710774
98365
902645
55871
303720
641920
321949
504689
227475
591720
921214
715876
410774
605589
512138
290420
505013
309642
89826
149871
398340
599908
803773
279769
545742
406880
317463
89310
124436
96671
577658
106954
245788
638141
759132
548098
20891
34939
110791
757201
402533
90686
68304
632561
12716
371466
317721
598150
20662
710713
837512
724270
916487
622147
219232
585583
370549
136584
981632
194499
951700
138117
834494
112517
91931
394264
481562
94897
958590
614632
656109
410426
292752
54173
995568
323524
291233
586279
919383
856079
321101
26779
80695
952390
854884
1515
922461
482661
817845
792695
134322
834194
18922
945596
108819
554196
852546
388933
306700
283948
618071
163398
659594
621410
62745
30494
547780
59768
688136
266540
964942
783170
59856
354931
10448
549143
364715
894014
713067
511588
567213
588379
561672
624679
922811
6157
675335
373807
674097
7938
857225
938703
741468
244161
587277
74379
991862
379283
207080
377629
298578
577881
593088
293392
56456
148303
743643
621480
667294
631238
139358
951674
868375
702564
95752
191606
470422
784489
876007
9041
334600
980563
426967
814871
38279
187435
475262
928506
569786
776900
602141
815572
348271
143233
168879
376480
520603
815313
905541
597215
779060
309008
249256
8191
605643
158115
336309
857311
325046
603584
672432
75796
832240
838485
60571
373347
975399
675018
628486
991801
796023
443070
67956
591178
166530
221991
948598
184331
622951
260189
649362
881818
845744
783262
35434
891940
276719
285157
817593
516963
882199
385260
401112
345228
743528
525282
527843
347871
764131
489865
212819
320559
920072
475025
592320
939996
533800
201514
919303
909609
661970
361566
481936
467604
347104
495680
397650
620148
476241
303272
528438
140848
874908
134549
377168
488411
136496
533368
132307
85468
324671
514605
495514
759972
984259
598417
623728
371270
958724
222345
720637
714111
996090
247615
67052
834490
462221
176965
375866
87411
203765
473521
364541
242094
919823
622474
514743
538824
714657
333726
150910
223576
296990
242593
209148
470821
957717
188197
885884
800593
654713
670809
852870
347220
844879
250823
385357
397633
759237
588604
332149
253820
126542
538790
190469
774297
137834
565926
240682
780328
197064
906689
475493
165503
847076
874426
210732
638015
986791
382428
962108
367560
286201
522877
511313
405777
267622
916296
228791
533786
703583
979416
590241
965457
868679
251019
727686
404445
790284
642946
31430
210108
303414
649618
258464
416081
884560
96454
95717
408178
819932
821894
53327
742665
78870
943615
265184
98188
757886
300879
931041
961281
372145
180797
782819
335247
815873
942
757659
157754
472685
304635
325416
514157
807372
756995
673316
192962
734965
101672
123623
511855
389991
395023
916893
284693
207299
608736
797408
930658
141273
904344
563715
924965
876035
771546
934088
566829
718344
104582
625649
461382
747831
77938
364603
579482
854388
993102
16474
155551
266433
260823
288436
422344
538822
646965
936178
996966
466012
941814
967376
929792
702323
159566
150910
822275
192531
174840
704654
458118
563003
665132
133290
456376
757261
652490
801583
107974
736501
424494
230971
855138
123378
666948
566831
330583
515648
838684
670517
160860
781634
57337
62343
883759
104390
619844
357759
19979
455789
652925
374223
552611
69061
332520
777954
375360
733812
791066
955167
943392
455230
802592
118969
178929
12444
457368
976529
516083
109204
449730
921555
175972
557874
41777
381591
326389
398636
444666
920240
704670
769623
50527
629221
732243
57104
606174
555312
595185
261699
188121
455279
969199
334730
729586
699109
144531
405235
302636
249310
550476
813244
869705
692732
537896
816418
260781
333064
955346
428101
667809
238057
54626
839253
429090
477200
197036
740389
920394
527835
823197
822789
388496
612455
560699
652323
766145
726828
573298
451412
940305
445624
409921
237651
75093
649017
800374
489220
528146
168090
999763
397622
605547
877716
562256
675372
113863
135912
663333
793603
745953
259705
698073
775514
652266
626546
819846
225304
623574
235516
573317
36107
860183
113010
250000
582619
703072
760730
569637
153258
931186
605654
669850
967739
458269
951409
971327
166627
69872
127866
947889
310742
400304
815479
413049
912921
618099
125764
872296
25791
774357
618532
318048
225721
230675
945232
242804
674273
476863
803091
539902
504284
488759
185566
168732
53698
967018
965478
400942
481558
399826
770653
155336
381729
864925
682457
883544
955568
492068
728664
814191
460149
155370
833890
757781
446171
735698
127261
666404
761350
953712
216989
911690
125824
163891
560896
701963
714182
920426
77833
480510
178047
599522
972650
864315
810056
323255
896135
380856
375796
18363
553787
185088
919648
379371
261001
744760
526129
209028
337347
906778
541262
259143
386108
495606
514616
903307
22983
934561
562640
521826
7282
72216
520789
196489
819945
720569
254606
928253
89408
924259
400585
533073
819832
617647
331611
981142
580605
788712
848375
384332
333660
638672
701247
270802
545495
663356
774688
739004
325225
10302
68887
179381
977157
350088
623518
945645
871145
691931
5496
71047
265664
694446
688207
634049
505625
562702
982263
855406
86504
674103
711839
161511
64564
577221
816863
966566
256182
492641
417877
443521
26617
194838
274632
851410
444344
302844
797165
151452
772690
916146
355275
370344
39518
294782
37712
983676
899593
240000
560366
77553
9258
623952
43441
154200
80329
678268
432391
901000
386005
981134
935112
331014
186084
161839
743861
906081
518636
489114
528027
837003
111513
741681
546056
829367
464244
367109
394669
254062
50672
77708
909448
955178
391447
972885
756282
96601
539140
336366
843665
894224
12675
484860
434691
366722
20261
628394
448587
171450
914416
860844
647938
143321
522774
646780
165838
686386
743167
761617
610524
487636
272738
921981
371107
184486
170887
438501
647617
377398
999113
87803
474508
575359
101700
906350
88170
805801
465039
220240
907244
936838
113185
631076
405301
201813
534844
530462
216674
97076
298459
630412
51145
845678
123509
368869
150564
190717
675519
298170
10908
980426
782092
591302
297216
20801
763972
194477
479118
900588
413330
338788
880396
288212
109714
382071
162780
364890
584269
582086
191498
435222
757623
553330
786337
744608
301469
26738
92089
68734
848969
447933
751603
624551
659433
650808
127344
779778
897273
579920
819403
205560
335220
472138
161427
757387
228787
681659
141181
843825
426357
886739
208417
467044
68410
353692
143838
378335
181957
948092
767786
777995
980945
626821
352786
538564
547375
979307
779507
361948
717240
144315
317199
742418
887501
690956
301265
350068
652851
738393
912732
75265
891504
973387
688185
577134
338997
640055
45380
402766
66378
419749
899574
943182
374836
391149
143706
101223
286097
210942
904987
42445
511417
744984
570441
222798
409100
602704
74554
357248
466250
336243
631688
933624
491065
593133
332788
966575
59425
343245
556946
938185
842949
760819
917734
15268
852186
70413
16076
486135
174234
488697
427162
939914
822036
896209
926041
502835
863052
860216
179012
538024
190295
891891
149879
333789
465940
531121
517523
654154
854637
289058
577385
22751
489743
245451
657998
757736
798453
195775
652951
54184
433833
272661
134549
957627
530893
416491
4152
921881
392617
109496
674851
46489
377312
34302
889168
410338
379430
290763
114793
41015
324493
310581
258309
25682
86369
125897
506025
862297
740151
545908
177570
941993
161314
323960
326451
217505
679180
291393
169526
251414
683838
467115
243719
855779
247245
897203
202079
898752
982559
990034
850554
716753
573870
742562
690481
863219
925744
263931
959445
329176
189668
2673
870307
809663
111784
654857
481953
721342
668305
62034
408291
53568
606896
974776
679377
138976
482092
736842
417593
797945
424420
619959
62712
914388
216649
746014
972388
824990
216816
60745
666775
450761
255367
787486
338942
585352
233687
797563
423051
349301
97826
222357
893148
129559
10344
278818
234689
456678
267685
988323
903947
665214
321743
24279
726344
955211
672460
518282
590762
897333
695487
735345
574452
674870
467662
630705
236859
146255
14810
76545
874238
392298
647587
502422
383418
249598
393683
654038
58590
105240
96759
530955
302515
137344
547629
855007
762287
572886
236701
622416
792467
314931
575687
320252
145671
489452
583494
464482
18794
597082
353319
942970
387417
471854
677026
547400
848956
56481
717043
761553
937080
595626
742479
132212
33981
96746
574764
427566
684085
677251
244796
608494
82776
502311
763084
722802
879994
101295
244481
519371
69243
502173
976282
793382
33927
70787
753791
477107
441803
414952
820102
494928
76855
621667
51456
245736
147693
588059
991254
129
432436
484136
131283
652640
25071
452083
583276
131268
25134
585915
233670
467144
953158
876130
637087
703686
702507
907747
473371
591281
577457
498870
394068
701801
328933
971972
225957
453977
142798
704380
133536
304898
385782
305058
954105
506434
507372
665933
533364
951341
770756
261569
362712
569449
175178
538157
140836
32465
161092
452726
313280
299883
258375
777794
573764
954026
929435
196058
87779
293266
340164
594315
56141
700690
570702
621450
557516
618344
930201
271216
388592
673410
304130
742810
945655
163522
316416
695330
681233
899220
681750
398173
223115
442335
854305
102598
722580
743125
76834
198246
763262
140927
63724
193329
50471
42729
614581
82843
435470
598154
230058
214808
139907
555717
938978
943492
385538
961842
614536
660896
365369
232009
473435
742022
246737
16348
251131
949951
772208
664555
37629
972085
81066
672392
212173
682238
267590
807594
980465
357869
36645
263997
676133
80993
745381
1483
485102
368293
597912
403407
691859
265018
163327
914430
819393
941278
707546
626901
541103
422236
818604
929874
941250
334061
734338
300137
855486
180908
648956
921801
729842
68785
613781
330835
640157
80799
10533
596496
78706
491652
168797
25232
762649
883331
464253
932377
391976
103297
13350
456452
500889
753111
157610
712004
26488
932922
987257
984888
922941
980604
852179
793957
848940
292119
984836
310524
405512
276589
258698
924178
572686
491500
53356
404434
446051
310435
620333
288276
154366
101069
83197
9204
509292
10733
28407
931643
782103
248534
929418
676401
438891
538356
477295
810779
840982
583992
701276
20906
158070
324537
317754
139030
852496
924458
829360
691938
181039
237633
385568
329494
626808
213572
256765
825853
614473
532269
336105
996667
675941
604029
647368
102122
78217
483991
500943
628365
16573
224752
254843
168330
439511
918276
805356
622691
931251
211036
346374
514639
87282
647554
181075
59828
804009
248882
27585
509951
330098
984679
252310
828527
168898
250793
331250
792569
197070
71140
467144
761026
866725
807049
534336
221249
121894
604773
128268
312586
476783
242143
22786
318664
873339
514813
97362
595969
156057
896981
517322
544860
981394
555995
612380
295619
926302
769762
169555
840702
82319
49573
651945
346702
975877
830281
618206
704802
841642
405152
567167
518056
18221
471826
360012
111056
403977
921886
936012
711203
565275
442331
816738
2754
448651
467330
586412
445242
835793
60683
776101
837580
153975
631418
465429
750476
673639
583769
756815
118447
685178
138202
464913
644776
274385
316799
784967
214374
769679
924287
902551
343532
666951
981729
495686
321357
686174
675357
307844
59928
692666
152103
161354
420402
789532
610489
350611
404478
310971
944030
718008
371775
527503
213694
872997
478109
373260
820081
317580
560151
765146
131532
27556
531144
832953
18359
961003
328809
819738
236709
22904
980107
477083
307739
380735
550835
163876
245671
193303
386327
506260
367377
620359
744395
410958
830884
473915
516114
700024
269337
243395
67403
903178
739350
106534
177336
445757
515822
381929
948861
812748
913335
295163
191647
928650
368897
442849
815018
824723
807906
127271
737587
342913
165285
970132
926657
650635
286872
996631
783054
392567
630122
762325
452914
400669
386082
460644
115991
519062
223517
281982
238886
152449
124814
75268
125418
55474
70460
189426
296633
625893
414062
694508
920522
663997
672877
817254
245737
589868
57589
940065
249439
508317
739919
559985
644837
371808
217619
491209
821598
178134
519048
312094
592960
627646
501057
647393
483751
230462
743543
318413
994443
834706
270589
726733
307524
77860
455641
270385
332951
403856
87578
402389
883504
402894
870850
642734
808484
102428
734503
586904
945578
616219
821895
331843
838808
728820
708838
258575
376051
79652
844979
653097
439329
275765
440493
989383
373262
327163
753137
60856
605916
61098
336164
695297
315887
954344
619212
995302
916188
732382
893021
137907
744859
368265
806577
454236
581745
503424
164486
30036
938726
469691
668448
668191
390503
260045
248140
769167
827202
139556
957248
830718
809726
175700
777686
245336
788307
453636
952833
206947
614763
727342
313158
486269
9290
393356
557027
489592
258565
872168
266772
552344
126442
345287
950424
527118
328764
964041
836718
231859
419773
329643
716397
484596
198682
134468
492169
364474
347357
385281
80451
523737
829940
565956
315708
830834
109302
27061
577941
871184
158187
125182
868983
262329
477502
409313
739499
106273
465145
788492
457235
485528
447786
324255
729418
287963
788003
398472
709988
914838
507629
528167
679820
319807
208041
522355
449027
491935
800546
156983
480880
913086
877712
257631
696976
819710
419320
427374
539183
294052
236045
632512
110372
557961
596369
692180
562098
353643
315035
832799
708456
44472
586891
469801
519238
64605
430575
250401
126872
576909
854934
780807
811036
32452
245101
691411
122766
640408
909995
590482
866812
923599
834975
425043
545279
150439
222257
218137
92422
151141
197524
900566
216734
600839
82032
334434
440097
858783
422527
64860
58117
124239
333388
323590
175870
692200
990889
150085
291699
333026
735558
977146
495607
612930
420052
525164
119227
852314
718047
751314
359652
291401
313618
361205
480054
91551
634454
440576
469981
654388
57693
677766
902459
143052
613513
680740
503386
258997
506016
779980
479188
718096
480544
772856
498952
340626
358170
769465
866195
809649
21429
691207
275321
919836
526279
48330
280938
576839
296317
203236
813629
58150
90252
576927
971847
354577
622261
589249
714183
910951
820751
315117
420776
906960
963145
331362
470593
618491
763797
904737
708990
998624
934445
230295
324795
962866
155298
294923
571597
917732
804020
639113
859455
269136
35571
694184
551073
83370
378863
200017
145089
255444
377903
169663
975607
899122
686366
485745
609628
858127
923176
713663
254526
946929
10072
879011
738608
659799
239554
333788
916568
842188
933515
685889
359436
229709
335081
539633
248362
198243
852583
711651
895022
598399
58710
495675
910184
986375
810677
819518
706763
174409
543347
629371
865470
688579
15217
826441
733286
257695
696412
230872
242640
321082
629538
596096
583895
808313
337190
544147
170480
991658
28061
503804
477506
203910
371898
263407
633358
29858
901951
382824
185467
111818
898330
526597
298020
512037
910787
357505
672352
591400
7498
678865
273598
210090
172352
222979
314624
122024
982396
795786
115362
702177
745451
54907
300473
107575
280743
691719
101647
1745
533414
575067
210827
362553
333947
11207
525402
694645
538089
434117
50388
563507
249155
541949
420305
685866
46169
305105
910953
312542
697140
963370
753146
279639
370885
306086
311557
597458
967560
819074
386144
175604
941724
96401
306673
563913
883507
445060
11063
168280
438655
564633
58320
60453
678586
302425
95702
172746
345083
261040
848392
490326
417930
902034
613766
362749
951285
591074
754350
421898
193925
337565
26349
478539
886498
534116
712122
507738
830996
187230
569431
56356
785410
561326
102449
439049
677055
537578
82451
222109
284299
513374
716589
952796
705283
621380
73740
740418
618299
150471
304377
81124
266896
694106
825288
402909
745271
648965
409617
864481
933556
170172
115459
13895
702445
436262
725777
256757
483501
824564
671240
380406
167627
530242
657742
478167
871411
52271
239393
871704
687167
949990
28533
164745
332296
721539
167750
913752
40583
577464
521753
346599
792258
789361
231504
827352
187226
195622
321819
980891
175577
937550
851583
751316
515193
82855
585413
82439
965443
382738
728387
429732
909621
15593
973446
687911
373370
330503
632049
408309
349204
70420
770613
17118
347328
471989
238354
955648
589780
132937
336935
504188
168203
492909
241847
690985
600070
31108
621796
762932
898250
590809
660214
851186
196660
10284
504084
751210
838006
747684
23645
368634
395394
423669
731766
510960
535111
1836
827624
352864
933261
562684
142070
860399
443759
188054
981231
870794
230120
916534
332035
115878
505149
307968
328898
946186
798653
233239
405786
60857
802464
923629
279172
902445
963305
297303
778926
779879
635220
620589
697032
753922
448172
802523
998286
422741
91001
549416
489855
240830
306695
137861
795530
249420
751224
456499
218329
167107
60765
799881
680585
885656
958482
874854
478947
648837
901697
91272
368069
608455
926788
919733
365375
21202
330611
912984
268556
896920
192292
845
429351
939572
257100
988265
222534
713051
668828
992517
774143
452139
147826
296688
30840
184893
477708
937229
634556
271626
223730
842796
619012
953523
385791
115437
782128
991930
26966
933436
372990
519722
451363
137100
981689
345107
308881
299439
458056
250746
889144
528217
245773
958364
499167
538769
604275
144837
774307
489451
1222
722800
773435
480439
665578
428422
512869
198593
849278
591417
245679
974935
140637
135540
934828
555912
698130
576530
932660
480299
402977
29520
47973
757671
674696
293004
556429
708815
797661
862854
345773
247379
165375
187963
800440
6810
836066
452062
400577
525360
93414
931711
770467
143922
608436
716966
909032
597278
426855
178795
244467
100095
727055
625233
232859
535972
60590
753790
38952
771931
298797
65724
586332
5887
705104
896233
724702
667474
824623
181272
491515
167412
540636
856692
670592
69494
409041
47779
45372
864596
230702
635174
779299
204901
665934
681846
295893
535788
934870
594725
706973
165444
102655
633218
630683
82977
45063
189486
418757
995483
337009
145172
230171
831740
54960
303411
539666
546520
407163
387845
115810
714955
167541
801505
374558
340694
21295
423315
615666
605430
232289
86982
970962
702009
876536
65149
775792
319183
550516
360239
168324
450536
73816
636861
117652
928131
446208
888395
933652
846159
235793
588022
113958
952968
854738
300933
82071
478042
215148
809208
595075
749657
40008
391756
170781
939835
193455
177816
667443
929783
563876
594895
965742
671221
728593
978044
484653
283102
99709
445904
132325
167020
858797
834044
728035
647360
863842
943661
624114
345891
572409
314761
550118
297018
277397
220751
586482
666396
633539
965233
726426
136420
296436
137742
689183
128136
794512
607891
56197
964618
997261
398016
595657
23614
102714
8437
813842
268007
17296
248331
617494
800075
468120
955660
551832
64975
668581
20235
83648
664988
151926
233541
609921
400594
744329
631197
797604
89343
626726
260086
983062
710987
769355
239732
986996
979082
625992
557695
819336
745224
837940
316192
33486
439132
556297
394685
947551
161099
533222
13889
539816
423157
658550
37203
926058
678622
686755
25705
866355
737500
431152
25278
854203
288225
759852
957256
69746
768029
569872
783652
700093
829173
51239
84910
69993
786300
280316
592071
733402
2091
605515
538959
802460
990145
226010
194442
86971
910365
605280
537757
153148
993857
436652
339287
153340
663853
130444
164617
227140
131647
427649
898144
58952
931535
923255
77144
800522
850593
407417
595739
475100
198812
935400
713300
159530
338740
804036
189062
471550
854191
920317
89820
916258
567296
743242
217844
558110
360374
53943
599623
388563
423329
667312
935060
282428
498295
616950
677109
800188
876049
416387
263558
596394
343466
95308
33604
480832
54852
870426
790427
984181
920214
584263
447414
905525
423882
437355
356077
465394
101836
91593
445919
468117
752636
738060
517176
361393
515288
156288
416536
121694
338785
786533
34315
743739
903867
991829
955487
580025
686415
956909
785696
966696
246495
936183
434288
130819
579209
83962
47200
539244
321136
844934
792453
67339
833741
637522
543485
767964
21698
166744
54563
53541
46433
832687
698361
451416
902296
943337
303545
2860
960973
280673
981983
14560
205098
97539
822033
680944
400330
856840
416535
385439
545898
142810
212398
208917
329619
75724
340903
760953
100239
769780
761535
353152
142216
57353
270304
247923
407362
195522
785132
426157
214027
670700
141365
607857
528475
991329
872147
743773
298534
184337
441514
728201
331721
315923
844966
625676
590954
266422
458955
881517
155599
72218
969446
594792
304509
386075
621970
852331
649868
133584
95949
629910
454775
160985
22948
203450
602511
19575
555194
333316
71098
928310
811368
250877
794260
771928
268111
829426
457654
196512
199962
319599
850979
788369
755365
321840
509389
4200
261656
110222
891180
291916
831349
68758
630478
625844
365359
303067
163451
75178
541744
519209
814103
249047
124284
685712
75289
487832
21770
871998
353956
691017
920276
291421
936650
82163
44558
731359
396023
557902
937121
860735
644226
799530
959511
247181
715982
367253
770541
255988
514871
363574
987719
149852
849578
799438
558854
353977
335823
676014
586865
133123
812749
921483
485985
777944
716872
641075
99134
533427
363751
649703
890925
55817
540654
941526
737557
612176
673719
723718
336513
763289
483686
869720
870238
203694
129784
144874
464995
583336
844885
185809
697525
525423
83144
882041
907479
595355
401845
112868
192566
708353
593677
709628
153825
83259
577092
552752
80160
26748
43209
35917
602286
508664
426086
885973
592319
859259
534944
716674
833318
241360
654199
841686
770496
341631
80073
995008
31765
79984
16103
647967
853260
214039
202506
997142
353349
824209
203602
601429
319266
839245
625610
882947
819799
795234
691851
894551
977826
479797
887166
655189
37401
488633
932940
713381
722112
62042
619232
676111
330746
216743
644961
387441
136220
56717
905230
416413
305878
839716
381796
466773
292235
853961
97888
177550
519762
862093
748346
557508
979982
841053
79294
642678
517628
107112
282093
867186
846623
484180
690414
192770
301818
27426
59737
32331
800314
169452
112364
286909
151131
737465
306308
596809
659776
499177
440799
734685
948745
133873
240862
765859
674946
695865
217748
542799
264591
203581
98077
290268
548656
955486
45368
342069
903453
44274
878395
272257
651707
7671
565648
998398
128266
535830
309240
66934
414202
952908
422869
222553
205193
400161
281555
735828
791701
678132
461701
114563
751167
572403
647564
369515
106306
587727
433115
853212
216242
210377
371391
561319
195019
780703
269196
433149
936078
321001
287102
779240
153694
188377
350419
706415
270377
346378
276843
948562
109016
159541
92015
328612
835600
797662
76111
755559
978978
693443
18048
872732
211876
507649
267047
643311
103890
180037
977316
24144
627591
184530
336144
689381
168547
920769
36497
469812
904103
680559
325218
315354
572800
585264
333048
988107
862402
486793
706716
576871
171517
509336
542600
469876
984375
498397
110810
300383
325547
6186
947953
904924
122290
811875
420122
506935
929760
971845
830582
71792
855281
807319
446596
91287
700148
914769
249524
69359
41935
265390
227299
946904
922488
391063
902999
698826
470718
324912
600842
661312
842451
995164
238017
389065
325134
849032
187132
775945
872961
952114
730758
212497
169865
587137
912468
608225
399840
89745
188551
948895
815005
165112
2129
98279
99934
622072
879787
826994
687044
181500
570922
29158
431054
268946
915455
68945
46172
351835
688442
558666
641809
269342
78935
688916
799043
649341
247950
21912
141100
625371
401696
165533
938130
266394
952958
443853
351526
672322
553450
990309
422341
204289
3510
243316
518524
834391
76108
910211
938160
442753
569896
820499
45148
263852
866033
267733
217193
136551
558324
100725
294982
822936
510642
96252
652875
807207
110901
897513
619862
203139
504556
583444
336050
888672
424911
6617
227996
222624
684124
325994
703581
903036
923577
541839
936992
285548
494705
326263
551586
736582
325912
799719
813024
965694
652057
693460
425883
709266
577620
614311
469676
180037
960230
220646
140830
918926
131519
729776
385620
293176
718033
464955
779343
315119
786908
812629
670184
27674
232944
222970
734159
632197
526215
62182
912419
6389
100607
118909
537468
468482
694820
880722
208951
513461
997651
346391
900357
238327
645370
590117
56135
349941
344752
100050
575818
423451
102800
960251
335463
375342
38585
274701
166578
234647
406590
651520
629808
173461
680581
539763
468929
729308
689940
969269
730815
591272
80358
288181
680953
650735
837258
892870
349800
928630
880140
47426
979258
54459
56060
236489
856859
733107
359108
237924
570405
396994
210325
321427
698369
115313
540219
320246
130204
238988
332124
328022
819581
807241
922064
395943
728889
83373
854299
936739
374154
758977
68678
106790
761418
660894
909269
371685
317823
308296
552344
230852
71347
670592
600314
738828
529874
916876
518501
111046
665565
160191
889918
491789
145902
318881
820877
543881
485537
513344
293712
889122
856341
554295
600094
733704
189985
213375
511508
262071
425538
796350
245361
581136
320512
898242
164238
63348
876204
844119
895696
317871
350266
543430
704183
161645
948608
230240
469056
658058
117856
160793
431177
71033
589449
139599
897686
743769
130784
1196
994170
714631
803801
788802
934924
40966
765999
449618
528415
185911
512233
440193
670152
483491
335155
844233
689049
436629
691779
68748
130082
257488
212043
634460
47825
792523
342028
793033
648316
753876
715329
960504
975296
33446
421423
167260
876711
456512
437670
905800
234746
310410
199076
958400
860779
924102
597754
834732
954803
58976
496994
647742
604466
877170
481194
273752
667870
673603
612037
846760
461501
920996
430508
361787
348132
126920
239064
927858
637257
538431
544316
457255
969520
954804
810961
913598
802625
397578
665722
216420
863039
510087
945456
732128
415385
207848
701167
400320
258678
551235
590952
904291
969646
841185
286203
677871
555681
268017
181069
343724
134179
341079
243434
562201
599788
874251
170766
188781
286810
650359
820217
127322
246387
692907
638147
628513
923193
363929
711151
524871
36858
516041
938327
164646
374818
249539
797010
994749
287346
607628
648006
734565
228375
170530
689121
454695
180336
450649
375984
123845
810016
587033
957204
586918
496153
848591
368609
552484
307082
114468
458435
578333
417959
203653
852465
133147
481094
298254
664804
575649
926162
552735
529616
131798
856215
327299
327110
223858
633095
688722
544177
403774
869024
238447
304466
619884
549497
997725
288491
968308
658529
609949
794733
558690
247490
491019
273705
431655
649275
657803
323317
393574
275360
946924
438304
649909
302209
6469
985982
399459
410801
996205
92485
955180
985973
819851
890930
820790
18559
792461
831055
48421
776673
231786
735060
608817
267024
577711
391386
215710
746031
266281
311911
863832
595936
643996
774380
199516
407797
644709
407985
269842
191024
179851
741852
446374
244827
397024
636467
137603
611800
864183
105674
410189
818795
460304
385932
730794
291209
575369
58004
532765
903303
993568
492857
703189
400710
150311
215634
349121
433912
610250
793300
234661
107980
65691
983252
206766
421731
478868
379534
150029
284489
730637
363611
286144
476944
108015
515298
245900
878334
603761
724338
418277
659650
768995
784784
818417
455622
673295
386600
645899
350022
876019
373948
927437
202230
582031
220019
228245
281812
151795
81308
18260
895936
85176
459377
284141
820755
699991
966745
328744
549593
173953
867835
663969
570942
65612
244557
76363
570765
749191
333943
872898
100572
728853
999269
494445
441473
662967
682697
376838
109842
773282
672795
658431
459624
761929
52435
545676
471699
311326
650136
126459
793771
391629
678508
476682
204332
648401
607304
248907
498287
763227
531024
494911
655695
375745
905809
202396
364307
76471
590042
571460
159235
181784
704897
369661
515319
651278
269115
321137
202444
422827
95288
805262
964728
915151
299236
13832
494287
530166
585102
119613
747226
950395
249112
577497
194388
673336
430268
384161
685819
170559
228080
893785
705641
836395
624443
376678
365886
108167
183799
344117
793666
544084
484542
661716
385926
234642
78202
795390
287270
261957
428236
67830
182581
68113
107738
693141
238476
671293
136459
323243
291235
368594
836795
475988
346158
874785
919975
712220
4542
645176
998728
844514
423050
824822
746938
916591
360717
878450
701179
498062
50704
621352
402207
709952
191071
364358
717481
709115
717430
749420
85215
7156
767338
157639
682702
303553
527659
900723
782216
395884
72560
505976
96487
595281
761291
977867
666626
478805
300081
356342
30449
401032
456862
285064
271040
223806
108954
668191
916217
344572
614513
752449
128245
818766
991476
602307
699505
751828
291042
281175
806777
863438
120170
537605
946100
905428
848010
214858
197544
753553
86377
381453
107572
232083
545938
554038
571215
932830
123606
262266
676665
727935
380150
619124
266164
323233
40191
201609
486335
844409
655974
678409
345007
94155
852652
209065
771595
452364
338424
445079
885338
59822
364831
534706
329540
883823
488315
255239
832967
78315
450349
82368
902834
143318
365416
36324
46823
487931
495571
442251
860127
778043
195882
323042
997530
739539
141864
840675
352833
680166
580082
160447
733656
200620
29091
756900
10503
50447
433573
349684
572643
566554
862645
526490
567030
363395
865594
909968
109969
165657
168938
448050
856814
566437
305234
115630
67068
877340
62220
721719
899808
721180
787542
372034
317063
378966
260041
778156
764518
667189
162069
204293
716795
923172
950284
334397
632608
396521
765216
618945
916867
761512
567148
71503
929089
954634
615797
273201
78414
497163
125404
686958
884684
64167
711477
512965
907428
936182
14191
931961
801197
346612
86023
238275
883362
176914
854217
907693
429952
454606
380888
602660
26034
883501
879628
822150
405988
536530
526624
850881
507495
66909
311774
59510
456307
611835
1940
590030
51109
887097
754006
360323
364722
571964
131023
191522
857510
224397
547631
666202
100544
560584
21861
936152
466658
371594
732557
830699
418094
680291
894301
981962
996318
265249
199693
794
423496
291021
298114
585444
52427
290853
438751
341261
468847
718654
681827
932892
646651
36484
92301
464088
456429
979221
806091
640070
566387
980244
734244
80148
634360
300033
143553
182073
750049
572312
437168
430601
935675
845184
236612
413437
352019
141497
133552
570659
815865
26824
12711
818662
678594
967187
378585
150009
92636
668824
975097
884707
513558
298169
462082
655969
974951
860764
429004
691243
604877
208986
91775
28723
383113
248753
86205
760382
425599
946957
874073
822186
511405
79301
687044
706752
91164
760665
231849
881019
667564
681195
228023
196676
474909
29410
774314
370444
155961
851504
450325
367472
554067
26396
105512
417192
39697
268980
252881
423768
585874
593183
106293
184658
765225
175738
817147
89221
753524
876009
87537
162407
594702
178544
123469
816798
465675
115119
355210
961830
624710
883447
791094
725066
346582
740346
945568
888052
53311
312947
364398
775067
957154
720821
113132
594151
507611
146653
976583
936322
564639
996598
462440
958164
881384
99497
395455
638922
198122
314026
305240
412118
84727
316751
912413
314021
74469
240901
256805
284880
780027
178190
687540
29801
710900
12786
945052
99831
528192
770483
942917
111561
234748
533893
783434
67747
347533
482995
776185
508898
132022
535589
249707
750558
540743
908798
891036
851100
882997
894328
236826
969213
51118
188052
787353
438728
786366
359745
691244
253882
302874
7342
635000
343076
853532
58050
858012
20018
904315
940728
663336
352260
889592
545151
439929
752431
321711
841456
237554
876793
420269
257728
751838
244255
924622
812477
541324
597989
878342
848836
21231
867793
256686
624397
640608
413703
839431
274108
285878
325848
335413
985150
981410
515989
65232
897523
287763
538126
721662
882653
847935
814412
420880
579900
239210
892736
578288
113309
111151
68663
705443
423418
867562
209671
277843
356462
920516
973396
161559
846230
584564
286539
800029
383649
112755
341445
689703
657758
606851
57712
781666
520920
209039
424727
123568
716764
413434
255585
487617
448939
536993
527419
766032
906179
852599
344396
730214
242471
963110
962604
806520
108376
529740
958551
668816
487975
745417
325372
520325
947878
877186
344600
789830
342957
770889
173763
765043
831552
364857
263823
160917
141039
340485
275932
353554
547131
216965
832856
144861
72756
98047
532316
319214
992367
870999
500253
257975
603567
645025
598657
107578
700918
556867
174769
478166
59042
923453
54237
865072
875641
22671
307158
718242
175709
264927
262868
61172
522045
732812
127383
630496
898284
491573
768095
303428
472992
243139
482703
61977
314067
310075
812580
299241
931742
294791
269495
358718
866540
151462
602805
34101
146782
930471
41170
375964
753118
959498
972484
87240
420516
745358
541928
743110
979829
304207
14115
970323
709584
208440
261091
385140
536566
290840
479876
4273
779246
285555
764725
6751
807255
555479
717477
792578
394426
302667
876413
382270
16966
690633
900553
381821
339691
317009
201329
233933
469235
968631
491187
774869
444187
433862
132057
271215
236208
320017
756270
790134
156143
549207
693755
151637
223926
389692
531690
139751
250404
501470
532212
157872
908446
120728
784575
346958
331480
1010
784665
866667
114083
191327
150716
201251
160611
896205
617148
895956
241366
619690
520954
201302
427471
871728
579168
100431
733460
595119
684500
338875
245469
604452
236297
950860
290235
59469
157488
357858
36598
353465
584015
450779
268070
74525
660969
864161
574257
473662
742063
943319
674027
330880
807650
976283
348411
842891
649182
666888
764427
550226
135655
425750
521833
53655
264101
725346
424562
282880
98661
484471
650958
985373
7528
114948
990844
400160
484151
1169
951782
93444
754384
396750
273969
303659
192001
49878
878211
336796
31292
520912
128525
689382
506654
613067
943757
483742
422932
143642
260905
954656
685286
786223
905839
525727
509325
429033
299098
960939
114030
896034
106884
342298
17925
811789
776152
283817
38513
293821
807708
211564
134180
876584
305429
895672
77740
215586
631238
320932
609818
184390
642309
570430
399448
110734
806512
145391
198554
712794
840277
422134
44781
964182
281653
331687
760045
802128
121029
203987
790195
424915
87861
41092
194865
593443
725081
164731
409790
322073
551752
899839
701617
397393
752596
91765
253232
26062
867693
779938
9050
421138
469918
610820
484273
474972
572897
106843
224345
960446
878221
591988
891504
700580
795003
673841
878389
745355
626457
616459
852354
524075
951408
8561
497072
828861
262295
349876
523437
172877
976876
146149
792260
963846
779776
726945
431379
929347
800663
202737
960336
884452
911182
349631
149697
498291
412905
159136
265065
985224
905975
757575
957197
756023
56250
562673
478611
782448
868251
455534
540419
566770
652796
590896
733911
459320
569086
184391
615352
431621
192293
966355
490727
635960
776252
716841
374614
253378
567607
951187
674730
849240
922055
471740
393665
149743
565846
845514
122834
135556
543227
387184
524567
713491
433972
791446
547331
47881
641888
255029
426799
250187
13896
119900
417262
516786
314579
159311
487907
37975
517357
628951
269406
856741
902392
179475
288354
67236
135937
99890
962028
41806
804065
713542
181437
699887
408429
81414
400519
637532
25842
311335
180971
485260
422635
770875
879889
969817
782704
673296
891455
423268
596960
219987
159215
644936
169970
693156
814380
801032
667126
706836
648365
99138
881521
922933
479011
261673
127831
870922
602656
150914
884586
932453
222964
370443
689434
60828
943464
98838
412538
625681
871477
85196
141085
85770
996418
826045
565475
579224
508984
704027
578854
645629
951743
128583
862578
822905
731898
616495
972079
370115
819506
152408
631050
482457
827738
174303
236739
410442
209385
191919
981074
881958
8408
385135
851304
934149
451069
903231
238988
60934
897774
765267
352304
940007
422382
235614
809147
82719
567819
270620
834845
888582
470254
699009
936540
280070
749597
429301
875843
360313
437670
622456
741126
748754
585340
210549
337089
264214
301462
160697
815629
478689
523951
854285
214915
331973
914821
789345
763603
831674
357370
651347
230170
392383
769526
919433
653800
217899
338598
984943
744843
975885
706307
812927
356791
967755
561361
592480
130842
102444
213576
99987
291503
473678
44427
181306
819080
960897
19914
939981
589984
504656
131673
328495
306058
427751
240660
830160
582707
33126
588428
573363
730396
978491
835526
57147
651172
236029
819959
217517
372994
603093
360267
558514
359970
216431
76907
588159
990762
873746
254008
97933
903216
213395
808751
510859
977735
642584
500193
988320
682252
756332
179019
68743
915586
286961
236940
327679
158075
696998
99997
762183
553113
911101
197747
157171
651321
812453
112606
149718
930804
254699
324354
163563
436021
252355
145595
392625
600467
148115
494631
790614
971977
542906
992642
810984
749019
912613
779119
507697
175785
434179
457305
408183
526252
725493
969147
651564
583422
777611
919981
494372
178796
742435
942551
216214
68754
906814
207316
564102
797062
157630
270895
690266
350399
444264
448099
580230
307777
20154
978344
300104
181221
24521
79042
159276
426888
754636
284594
380992
613261
913076
141938
709120
164720
234674
614805
150344
793281
505844
933055
723260
782216
573146
559955
763721
369673
710357
74257
718091
68322
599606
351338
932354
732921
35850
380954
319006
960515
301624
711790
329807
766013
194421
266076
350104
489858
571378
502422
825503
310454
862435
24625
504809
410727
239563
265898
317386
306037
882410
291504
487700
524345
140267
993879
42871
406393
920442
993266
196336
471463
939821
574631
427966
614260
133882
501339
909969
513777
687177
257110
267694
411819
361340
311404
119093
94967
427657
324011
992372
92842
577342
987442
666171
43537
827129
892669
904492
402704
596891
538794
951430
393066
134538
504002
639429
210075
93790
908580
442689
222840
793395
910175
375382
326480
332728
674373
203911
551927
808952
507298
378512
335141
813992
648010
106174
928250
450650
130104
951037
715281
626656
725179
280499
904747
406433
709091
976215
389553
554057
92266
41246
186435
156196
847036
517771
863484
739010
526648
59748
500303
858856
919417
908087
607463
979911
362542
197726
872665
121268
820459
990097
346592
891206
73707
882455
907843
541927
283837
519446
28784
470281
20475
102752
529133
345337
436981
66823
89582
457040
753099
628686
173882
967471
736628
849904
641711
228301
750241
793056
196159
560651
939962
870310
739318
264396
504142
486164
420836
905800
911364
805610
893035
632324
720242
538772
221999
729187
778467
251431
534021
541378
356285
732911
644982
692660
37219
152337
59851
850349
203503
499716
618608
663777
313082
427299
358056
632245
780836
436354
704180
110887
830291
54131
187358
685970
10482
758968
845676
740829
97741
473860
456759
348153
192585
540321
183256
448118
88783
981751
895692
344749
129663
96543
932869
919565
879332
33212
123955
677606
733609
966086
214587
779287
465141
524431
326494
527082
809415
391019
844800
500758
28613
43653
305922
80025
784526
686828
568329
869348
720620
865139
236885
755273
843197
585027
490796
251803
116710
857321
535884
580127
758306
370929
602822
136823
25227
92109
612741
176606
492480
957598
328269
709280
914006
498932
295628
406520
9879
139381
388830
232840
863057
496677
32463
278170
468369
829691
685238
684263
275138
330246
181818
810351
114718
704428
388831
374374
41799
569680
803385
99267
443831
816675
836308
186812
493311
475005
676589
514917
827891
870885
562867
123319
511393
393264
767858
893919
221143
310154
667227
906155
551948
59113
251281
433400
381402
850667
26569
999191
706320
262554
971163
236846
962586
226205
254583
421203
717820
746502
983739
734353
158466
588921
49095
188528
907895
429174
672949
55986
924863
329770
945916
183250
537230
874492
937265
732660
802762
848104
397111
574947
264171
169624
833975
191532
535870
234262
68286
354447
788232
807788
640754
632012
278387
397157
290361
771716
652046
60652
522679
815211
548773
420359
840452
247768
783425
378221
611402
21567
966221
796354
88985
673536
10567
597980
245682
20412
598298
982963
394639
764110
416468
673822
558701
644682
18732
354513
770529
579633
57099
281192
128595
446966
867223
894661
923454
89688
107182
607874
389160
808513
488121
804442
570667
325433
534414
685102
910581
936868
457174
450068
764532
450128
258899
774540
947178
213755
815813
224206
117195
57729
997810
631139
621207
347677
802476
540615
297743
340127
245463
746773
646864
815053
532223
651067
87319
548900
582060
251213
230189
305342
908531
410906
730661
524721
785089
366545
269847
820904
705063
571494
823141
108677
396011
646724
162724
103847
615771
749848
577382
713096
956626
312745
983724
826728
398070
368065
348833
569343
646309
972082
897239
957489
137412
171046
895171
951195
675005
57046
30229
970040
242494
829821
789047
467099
390142
15032
915564
703984
428239
939958
528520
913448
355879
345184
972535
725789
110257
462586
299555
521421
127412
132635
733390
194622
839908
919757
764422
996807
958614
991155
371474
775584
514260
822240
40882
679065
210375
110690
814814
270699
37244
559848
974645
904966
776744
927830
800861
961080
899727
471765
896040
954161
115429
492226
19923
516295
797011
798881
599807
103306
545922
21455
876568
475368
429508
188566
881479
546372
628041
730745
609714
531345
621465
719687
625744
629980
324175
929909
597194
76364
883191
207710
535745
614719
983628
695873
576095
440753
194538
435846
442129
224453
159458
720628
526088
843740
922074
763524
94938
200125
518413
73205
478225
258615
904173
479893
742671
717992
168092
687688
506252
777534
546220
223419
598971
729062
910069
581792
164705
675972
874357
527667
796628
135051
13134
506085
972179
847449
189059
210407
558852
922033
352235
502954
834403
36786
618344
837235
436507
412675
672286
167012
23474
846268
182411
552809
573216
579150
617797
703502
594313
604068
579227
512611
468806
514798
586267
801529
34620
370036
984037
842879
639426
833363
287792
252744
534882
790073
949625
607538
990703
804428
791975
94359
933763
39498
790997
441402
749270
675511
419245
649489
436977
269484
593728
379705
806003
541044
554725
78216
297156
876601
249387
165170
567718
368971
436027
874257
121140
629748
222414
157249
936522
969268
634197
368619
669787
310242
904435
461818
265220
458598
778981
710994
391935
552654
568036
4377
582387
742932
313350
888906
20317
694818
868208
523661
17976
241675
32490
772420
629312
198204
880491
72035
557247
491882
947400
160712
924243
166319
525812
91725
499362
762460
132474
915504
667386
764605
253185
569314
555444
915441
9211
704609
947751
687977
994722
372268
972357
312477
970271
642879
862079
922470
290056
79018
383245
250795
332792
868305
19525
146574
610250
713568
31277
389490
434369
754867
543074
99078
92756
852948
434132
2703
543148
362779
613692
981491
823063
22962
175079
463774
456336
930700
206886
707985
593320
111810
436637
60312
333603
679785
15132
928928
572058
599074
283781
420829
499133
340564
187244
317323
571178
261284
951228
880512
324691
444769
709206
52657
376833
671634
759233
301741
541245
370592
193363
46044
892030
851285
768335
192272
403073
346644
582229
480076
371027
556538
298821
951326
630155
269086
533123
526050
887970
437246
378842
911845
794000
75143
710123
700505
978310
446089
825387
202465
231433
346964
709074
283270
703191
292892
503038
575928
125712
365503
822843
482467
654239
694034
831248
815792
544894
759062
571046
516230
141526
999542
186978
119964
170331
410806
606998
240493
162971
323135
242483
341016
320277
320650
793598
849228
325032
730046
831845
424423
501106
900019
637868
249146
584936
527517
897312
391401
362062
648170
503415
654950
203670
610736
337613
958697
749278
810666
420940
486976
962004
385115
645962
806300
361611
580357
350395
60385
775787
517437
114791
305361
72176
489745
661419
93246
625809
467053
35499
962009
782320
837533
613973
845406
579911
869697
284288
8313
133880
448812
207590
492348
368192
423070
444212
185738
869118
884264
569942
942495
758245
163196
267838
997482
268692
85590
976784
654830
293811
138166
264706
819693
413526
735364
555840
110902
598766
217224
984690
413560
639683
514811
167618
250833
725459
252532
470132
311368
898576
5174
510160
547109
911786
623707
987088
780389
517451
327053
229844
55070
289640
965382
408757
566178
277479
911721
347749
779677
803150
435733
788272
274725
760801
469973
713488
198898
52198
912073
606931
652721
658301
460794
839552
916860
688963
454489
676458
872498
365941
458762
160305
291411
395385
872458
343463
123187
873944
82365
948873
970753
571018
63266
143829
933746
212562
959298
326282
643638
661525
795039
935460
717701
673501
134561
445633
202074
229910
161458
943264
774225
222608
962188
872846
578443
633706
774491
690261
796723
479683
927944
602746
317580
100738
729846
53509
751521
862181
136380
292289
256877
75203
902043
803374
294990
79512
820274
697470
330962
481369
63024
69726
74349
274802
822872
207312
640097
632815
136667
38941
182844
93735
689522
296278
253282
63537
219777
914874
80346
720441
320832
298136
1427
789942
580871
443433
227399
140788
467442
477742
142885
887115
988197
538602
628315
907208
16431
203516
876630
57581
449354
477416
337223
411883
646287
303814
694359
25809
324755
447401
210785
610954
359874
180645
607615
44439
394323
207592
787807
33244
28267
822653
921898
12369
376260
751861
158866
556472
485084
463472
54072
247337
150759
592117
693915
303573
888264
351998
539300
52579
883186
368138
345996
978763
92026
111942
304863
281714
199157
414749
380655
281477
319629
4638
217222
736008
109698
427820
116110
363402
289591
782336
693629
342016
287324
140797
853073
818832
739016
176076
870846
491867
842980
530663
992896
703868
42548
923773
980613
120733
333129
512381
796068
630573
773625
936799
158318
161472
102464
842437
833237
432255
930473
493578
472125
894635
754624
654551
591833
338379
918296
261446
709770
547725
214671
462381
295337
170282
794439
972769
466594
124773
664093
620450
324745
693702
957534
635218
652415
966929
133391
718874
711314
318067
57967
524369
415512
43643
184773
467714
980803
185399
376939
300934
892131
314435
513722
786395
20791
437356
412965
170722
428257
896723
334487
609168
877892
775785
826757
374770
224893
127440
598118
749580
72601
354809
809670
597635
504342
779160
462435
35006
884871
30997
640747
798531
627656
27087
818039
698437
647984
213675
342053
172011
200140
120015
792711
350658
288081
853
568451
455757
936196
25505
792530
596439
301475
764031
218827
456452
716562
439562
824539
10356
925946
997033
321052
374275
508830
841377
467747
86949
747998
674589
170824
889661
425874
109547
81971
70407
811632
165708
665603
855296
517012
328351
477709
408789
251601
508111
317166
631003
6143
999968
32204
323152
28117
765928
415221
216042
442353
474737
720260
755311
39233
438045
143111
246375
246104
654755
495944
334827
235850
103459
925949
770630
107812
375234
777007
765174
944084
522467
457938
791535
113190
259731
996475
541459
943881
422053
793166
589722
13428
81199
850932
90967
387
416598
467037
901636
987480
276346
852926
141088
89856
257478
377376
740451
918700
855692
883189
995437
799517
714924
864088
709417
285481
300349
74865
471252
484853
21457
396114
37822
43802
247097
336596
770337
514063
85437
571183
910125
173561
757761
818695
700939
647111
453874
194951
397987
987703
257571
194826
515404
417243
639832
550495
807265
69002
579420
803779
91666
325040
780137
690546
516853
89823
155782
675223
193101
962012
375662
184760
294313
642020
437706
762375
210281
601730
568938
538198
257417
876419
42936
882995
727970
929949
505062
323645
369241
277744
732602
320653
102425
978407
573568
407579
226176
820436
642409
184542
289052
300295
847288
275387
82212
358324
647230
105335
232459
926433
609452
618303
156727
714064
543337
298238
612316
523942
845613
738095
593170
952834
406469
36765
370897
886497
117978
210884
871309
630060
659120
228818
670713
571222
32232
593784
348782
715020
507833
408517
860582
123054
402822
110194
834014
576380
616952
786726
487110
106753
735372
380088
145741
90370
816482
963479
432797
515507
898407
350821
70726
221944
765423
450250
378594
124426
924480
804663
990967
651705
76069
740564
813227
23792
670200
63931
63372
229532
973643
909076
670564
356085
641731
616091
258950
820122
599650
34857
420826
963384
409554
858192
854839
257890
589776
24811
362293
300898
560772
354925
630901
391564
400929
338894
65684
416504
98293
683362
605399
770900
197838
583596
818439
704913
737830
748184
74202
894120
468623
999037
462154
812565
779887
497214
262457
643932
754002
705959
666994
45028
195502
398986
494288
263429
432634
157654
80526
842983
87557
190501
376717
275679
251763
850659
696052
881871
647034
213847
254393
496443
193886
147719
833431
51372
495397
247820
494761
44563
147605
726309
951507
777832
954536
916448
888816
429926
987316
762565
476736
677687
419142
219740
815582
412922
871128
318665
711375
487561
455465
788260
990965
943890
402371
681195
145380
767242
177400
859858
348589
867227
982449
26775
960067
774332
471
270783
23865
706421
438319
223481
458786
496469
190481
568613
557355
2663
223574
966465
741930
533782
938602
189868
1914
487365
533757
763005
422775
572407
135127
209164
621305
181225
504890
954889
526467
122765
731634
361624
131824
10260
331584
647514
832296
245701
832979
817794
448849
951465
858460
948069
923282
352974
554417
216841
823034
337029
896090
612680
977740
815878
143423
866439
614609
558660
572843
161630
514078
722171
330530
350625
990087
329021
264664
922167
268042
716677
112828
532860
692548
875639
869292
231907
167455
181487
326120
346190
729890
456943
622448
723430
117752
507072
510701
555023
100755
738759
166313
991880
642672
837340
72580
545607
496029
272104
500993
257081
628952
426261
880614
205558
979050
33197
447620
346141
535867
51601
734277
494774
143015
560881
235079
560985
161842
443993
334625
899517
923805
616224
388981
744076
200761
207191
718412
323019
938635
900580
703116
556954
587556
169069
138496
64598
993998
743465
328034
824679
802674
793699
259306
60282
997147
225050
847543
653097
939451
166091
287498
40910
797633
201294
110019
365414
425306
878076
679376
543170
116790
649540
143347
214860
3325
408903
82479
248813
506856
388318
788901
275771
284173
564504
618282
605155
83896
487253
594136
782656
914713
558862
208477
632106
503776
775646
68282
211648
357641
60017
516312
829687
292910
702411
164795
749822
671670
346645
297650
365212
302975
301075
495894
52078
304380
314347
641759
791676
972095
935549
672496
748566
657724
213302
753609
889784
205527
888274
905914
655890
672602
495808
776693
521146
552710
460792
398899
63519
476530
173257
779035
568440
651240
800965
84559
481305
931825
541372
885521
968099
580854
362200
893322
495647
143758
191960
638651
961490
97582
307599
953106
766253
779198
951124
329952
976376
519575
887715
68776
540753
766698
203640
744337
822859
592747
648524
700697
890316
39995
722365
527596
9755
954909
482059
979957
563857
13583
817064
688106
893771
841302
336196
840543
547309
240054
577936
142620
839217
990898
953006
657610
205038
728915
94653
767150
967936
105534
229030
348769
282190
477004
669744
226331
23675
78844
161300
363244
198785
308104
526115
39502
52650
508212
363289
709264
948060
191110
759714
411495
981851
923541
767608
155916
347570
993548
36923
827751
687573
69732
596037
420565
588246
612615
160392
587473
326105
367204
117557
37682
998567
606591
161147
995371
47812
342274
929685
64084
893711
440365
578495
707483
310559
245216
353279
106091
914538
360856
380989
618368
260818
265980
298939
400936
884046
304491
278831
748933
654347
442750
139674
734551
138590
691532
883674
771025
625907
660748
271833
656511
947692
285173
826084
636182
803895
856398
23446
579787
595211
28528
179316
269462
850314
71741
835695
10646
464182
921886
250329
485979
356589
574414
385665
690027
862203
368972
8550
723282
878684
17263
98047
228353
87224
289401
650411
861213
30226
737614
978275
764910
340545
134314
474098
527355
55228
331993
125243
50259
394041
616558
408030
207715
676533
296507
186018
288777
788804
163134
545623
504230
660069
629106
234692
418675
502203
499557
607988
96025
184799
290372
780498
75105
287137
15266
445820
255759
18015
155938
710324
634657
749632
909166
939601
581496
482647
562983
169963
568272
343000
975376
65463
962645
36184
83350
436866
929107
478271
763303
323901
440089
566916
420671
185696
961832
658544
750360
121798
653317
532388
383509
85360
352023
793572
563882
386877
184543
479225
243112
23271
696592
474657
132089
740495
980129
666469
186061
144207
347719
938666
914043
385710
119588
574849
148443
659444
575436
173772
11536
620973
807035
197928
65289
210651
301422
520332
831298
293685
851665
246007
570356
726940
596948
49866
554652
296003
494863
571470
895963
282315
731145
117664
785890
837632
60719
96525
480350
955409
63872
643923
144399
529848
976074
981038
877145
258842
343575
417529
336964
220546
355869
699698
954431
784462
896981
688296
117811
559219
156053
516760
736883
450350
389083
975721
113844
443163
730238
26917
380210
909062
382647
945904
522299
794595
92348
595338
694925
720650
109465
598661
64632
287758
854321
457659
747795
933288
898156
312106
979764
330601
989307
279723
35584
363712
886491
318944
253105
533885
358240
460410
732400
746918
379556
638510
264158
685231
435926
104236
178620
119423
22043
151154
621847
345013
734808
347621
104816
717180
861298
607520
928639
56816
136160
554371
945254
738901
308123
121195
967981
857905
194717
127935
251255
34087
392424
151270
587303
475925
864033
160558
420792
301356
922796
186117
154187
879057
806448
613956
196852
458454
468664
28387
315964
600993
924300
382249
354518
624790
193803
726777
148334
94714
37880
213252
595721
267014
534868
992850
474263
842317
845563
31978
24560
284567
688095
433606
984357
263747
812888
852779
430930
197334
222096
781087
700038
312740
496858
223003
831769
107376
664244
172398
758268
640089
162945
969170
152971
807000
477112
40825
950180
775258
459756
169156
45692
187081
499907
953767
210273
455363
614496
383890
503085
573089
896240
650617
39577
476866
646223
921163
574932
28890
541411
555749
449223
51032
298587
499317
280503
469318
361835
628531
852464
742710
173685
99629
948925
486845
48617
583898
430563
987700
803926
887395
63634
139349
102317
542130
435253
396425
589369
137625
417012
438984
89769
994123
500314
275874
663249
764890
468711
4406
643828
843117
466902
986429
204908
637329
884532
387940
981097
138576
269244
816700
422702
602669
701235
237507
490157
321292
63050
807158
405945
495134
375307
127783
989906
321458
261505
827361
491305
617081
200966
124234
840179
871844
526424
914597
638286
871500
689331
297528
6874
275216
706138
109370
516417
394030
327107
625463
698642
576534
428890
267520
108743
868962
725928
92814
56470
71473
58264
344043
650149
615478
813849
947171
98128
158710
968461
460981
977314
601100
167768
164295
155574
894387
328270
456234
356738
765620
391952
331931
531214
194533
710915
439364
762011
755935
411544
511260
82320
645173
39510
414147
699420
795451
775853
613143
188094
358344
968814
536796
641860
869977
268620
991299
434155
133062
367326
618613
708117
915359
926703
960063
220685
64587
830907
273444
530509
964517
260007
551121
50565
827353
157387
595675
21721
341852
715703
394336
199057
281585
268284
187061
973729
378394
313210
854919
958547
610976
645144
474145
595462
341342
932612
70604
988618
38387
111635
194823
894991
675019
443435
785385
989412
398833
863793
530160
541283
989482
30995
805718
243632
823812
809112
295241
370977
414869
448475
537904
343255
153215
703394
489802
435336
299979
360140
141308
483845
649058
383246
717675
902152
272799
121630
44138
951020
557519
434706
739316
885998
231037
640237
859519
98154
393134
929091
971785
353025
422448
407361
237553
325391
748764
452897
610427
911122
116220
312485
266435
901570
777262
980768
240498
695038
719555
632245
681313
600237
108025
704260
167986
318606
471997
820618
461633
181608
481621
524081
21922
1114
626388
665807
852477
663574
442939
515730
761334
49785
362351
87889
84512
217808
393515
309882
178332
908937
166341
857198
716077
130192
26895
319490
683512
701093
836442
711135
701431
211422
779012
432288
497060
511353
848115
219213
190388
164000
551970
256285
509224
693960
634050
72004
109695
963395
621976
505805
493127
676412
469019
955624
425112
424499
891153
460012
568674
371692
109783
158747
213140
595511
129677
499607
104982
663588
39727
884629
443088
391364
403005
790318
206971
242946
642931
833943
268447
185277
191052
177645
767713
31443
576502
753982
540336
590560
320222
850194
989174
590601
169836
416025
458959
447028
539276
610216
769223
551630
774808
194565
849997
980357
988146
4412
191347
837124
140035
758197
489418
575797
113582
714723
507761
535659
170590
547712
884699
367629
772607
840515
298414
101857
879048
51300
418879
592534
584493
351741
390529
768882
33618
567443
125604
708991
147892
866135
805084
215515
389596
370247
445648
80514
526325
654246
453330
863908
345868
310166
951808
381970
886362
839298
552737
381866
167428
145066
118993
18386
602698
85805
443610
458592
968016
846824
372246
603511
5760
748427
350972
176065
423576
731046
677717
276413
545463
426831
117010
179610
519150
428108
155725
807446
737164
265451
992057
452142
834327
905077
380203
85142
242258
178258
770558
440991
975363
968085
104248
551657
131625
639832
299136
256487
916158
605821
912856
206617
29967
400480
438455
489929
550241
891959
372184
801051
883825
263522
201343
263450
970062
909200
425892
28453
608707
449344
775093
65814
236755
799719
756691
783898
491007
934228
912078
290279
123223
57674
146066
866832
872574
684154
442705
801947
579560
605757
485333
141842
489775
305329
375969
910184
738850
717386
624513
230906
568886
33580
204924
769616
608615
279141
874051
570097
792145
130648
784978
930590
598428
783325
482492
302177
742588
845854
640304
968712
966071
142598
852614
131744
818496
660274
198167
657136
354932
363063
697576
146376
271923
753709
506850
545009
796820
863454
490273
404044
981269
526308
741843
494888
442064
199947
604575
870917
839384
855628
492373
129824
633894
254742
801791
163851
22402
309150
562190
633991
525517
394096
869615
214877
626030
713307
211797
338050
432880
711047
789523
818339
164291
527474
640187
900514
670586
166933
56185
522845
158685
506333
238514
530230
802563
885803
546633
836623
392095
930388
325726
255179
403474
592327
905298
352873
895988
325808
814713
946523
591654
290261
216279
511342
183931
51614
450471
446458
614733
179772
27287
968232
925804
498745
357350
478374
282815
144326
956333
803771
309625
634202
874485
82985
412831
416113
966380
266969
936130
302031
869949
236967
627913
439089
436016
840332
11625
66945
29256
481012
341547
410915
939338
296163
125016
960732
438977
471750
334316
88422
462404
537383
918850
406222
971655
459116
9674
558541
521623
240726
715622
30300
758087
41710
483471
735810
947297
292624
637670
605370
692903
117334
341012
452200
952147
665947
547598
704225
554719
96137
184112
356818
3893
309035
543630
697080
838808
78792
556574
931898
671632
70645
623442
294160
837425
637772
531870
930482
671986
3563
587002
274634
890123
335016
414159
382190
535044
59402
107719
562539
780078
972540
621800
822264
901610
160128
58617
278104
862957
105650
451973
30359
593365
720822
885094
866319
44269
959975
947849
258008
572332
653425
454161
767834
290384
532032
429252
323245
116971
871016
88754
354131
964559
240857
530510
163507
259112
450387
210065
153254
417553
667419
907996
107413
644271
977374
584496
138409
267512
442928
773375
83460
347419
555747
419045
371919
189749
320806
533756
792839
401158
714389
187518
420953
390075
879111
716792
354524
154677
211189
651063
802582
504664
41294
465425
143266
286885
408021
3207
196306
639091
314628
362083
911037
803660
397883
956539
205722
638222
888622
598705
732650
263268
990419
424397
357805
511288
700606
992228
519546
888962
209998
648572
596323
691052
90100
311441
620796
317169
585071
620427
536681
93218
772974
789861
216653
840833
837294
77700
776353
786459
79369
322045
919035
25588
901098
361682
914327
800870
27225
437110
185795
6881
572312
198910
551550
69932
654724
233839
849323
301410
633633
695662
861578
903395
835942
733750
490595
236821
208919
271904
169202
310135
80560
74677
54280
297779
863309
33924
242286
285178
847045
962731
895819
988989
248128
275656
749738
828901
80400
893261
972467
632586
236564
648588
900288
226549
877289
207878
651240
507234
866906
480603
831981
29284
599056
201018
928745
404929
520521
823748
623872
709066
603478
294761
656442
608885
978392
615613
92631
129759
337849
522942
308647
833713
925787
134158
326536
574470
139693
778343
915714
105863
282123
304385
358104
881848
839714
728160
618931
952120
888168
843847
587918
413711
639067
440616
386850
758465
362373
395737
750072
703407
171338
500236
217210
513181
33621
895087
719642
574383
880463
892906
199459
59544
44459
399675
87289
915004
695820
917255
82635
915593
868181
594329
931628
945517
107025
314543
71846
639629
740969
904292
527235
215342
543966
640236
386521
621656
938510
758680
158237
265291
782371
126029
690635
657232
759746
316442
771583
642108
606501
392087
594
141833
543888
888858
693176
981342
209436
797143
687717
877340
157152
474408
893438
876525
306833
559406
879459
785214
439071
479043
830479
547602
190129
226474
690780
319697
470498
870412
975954
935307
42832
770510
545157
103333
143787
113692
4126
503493
884586
856461
529751
534591
13558
641249
564027
419457
337312
239291
428778
310467
218603
48661
531584
278330
878746
509430
551024
558050
388391
937611
51579
256881
572602
152537
926472
40492
621047
506235
613855
964084
773125
513916
233166
691296
196105
393406
371374
299002
667572
309155
759038
554104
777618
169860
697679
170190
964619
379518
886334
865193
718311
848381
308845
26692
488522
609398
357820
176146
905137
309566
405500
972416
796372
95892
974861
72932
517793
223686
844788
726383
790889
344344
47861
55384
147720
454435
612225
325497
79898
576913
14296
367186
32250
18587
100337
792150
266090
734907
520863
264859
546725
351823
37232
236055
666431
598142
860277
408320
594803
667389
652078
108809
975369
47976
723976
655252
54025
70452
658810
822913
870246
805777
647103
274481
571825
754427
749302
934777
904055
724484
830542
8229
53262
820935
716947
718022
183811
762614
754250
979927
129739
15465
715347
527327
456148
38372
916251
226762
653808
521994
711683
750466
264838
458351
533107
341364
349485
896064
348673
140554
254888
974986
211482
460647
500555
950090
172215
439550
528467
872084
370166
914118
263815
710634
792492
149220
691403
646738
176596
786678
689123
151718
482535
293960
195537
281295
975954
418140
324927
926845
391523
505459
140274
298423
372817
807068
336633
47361
823043
566593
645358
690524
345683
924645
933579
898548
340337
802982
17398
634434
916912
413677
226044
352273
673630
901420
861769
580832
821976
96705
520451
618121
48828
698523
56145
977463
415934
598665
626975
868656
500295
341131
818862
996230
758054
873971
45858
797679
473976
915989
868054
467674
656161
326315
159357
448019
597135
332734
447543
439107
15911
726942
535641
195310
47742
109957
200340
15950
759911
85414
866062
788905
48556
206764
482581
2213
944303
29636
360967
97511
131436
191428
665561
463659
474246
656252
327084
838831
221438
753031
826110
214540
438648
951255
294563
996044
902336
141895
360015
545333
430524
752412
3658
156299
869646
302617
660506
177167
930814
847888
203166
615366
716892
877169
569992
338437
31622
132785
324438
882105
550938
295634
163994
985083
155041
759832
505576
682230
656116
57861
394610
51488
652785
316106
927687
580567
892470
977863
684279
471121
126243
442762
844798
613619
823712
825422
666524
508949
561236
62384
245651
104797
534680
668463
281210
609906
60224
477941
587527
564866
877422
171888
911771
525269
773543
414689
666546
193652
848741
316233
263573
266580
288238
734576
118278
92933
711101
994787
972561
208410
312955
117560
240107
751514
71177
229687
580793
180769
152526
895150
461308
496121
590302
824769
34051
579648
23309
391088
961674
875570
506811
67783
656624
772881
299574
386542
477533
261430
451152
345779
31292
120556
495329
874114
618767
129029
97405
710820
886148
212305
283047
903575
947687
333491
270734
55255
702942
168439
418079
672575
313507
385170
259816
481556
863711
544981
321406
959014
444713
335625
67612
424145
173117
130858
155592
664834
311736
792660
942384
419429
101684
370410
843827
348770
731667
163435
722572
84988
5580
120218
778866
984088
603416
835684
419612
674355
953970
939403
757456
395963
859209
561407
313627
789003
131278
886752
599893
558755
461987
195052
329050
537119
157602
328501
166614
885425
902997
133892
677340
377747
616301
856697
498816
885680
713420
590441
903982
13595
796161
193059
667474
911303
643194
974583
328094
683342
311131
110326
904035
314147
204568
830156
266784
197256
984861
33754
708779
303641
481661
342138
870208
863284
659594
91721
365058
643011
797352
249116
102227
417434
119672
458614
384777
319242
555919
595057
251093
772687
680090
286930
932758
41396
713094
114258
740776
382998
210511
237939
670373
967818
298913
370119
126676
911920
476846
61896
242119
850772
499920
701898
794442
634670
855693
682389
915072
951206
120090
119393
333293
865172
677624
309135
52211
520304
527315
810350
597383
596216
382577
502279
214184
861734
590479
391556
776119
769170
111741
76426
697673
171749
655231
287110
316142
940926
921811
484192
523702
468788
660680
397544
147554
163457
413572
785893
937843
86051
739951
261796
614601
876006
903074
150790
742877
818125
176823
515414
832452
863227
638261
940197
795092
114472
852447
834079
2176
719935
469051
748464
164008
135947
829550
447427
387067
702655
669729
840881
838446
412463
441042
531211
167835
574236
101846
253691
325939
585799
399071
685215
141661
313589
905658
475476
980968
226164
525084
248385
859269
362435
927963
773069
793346
707304
913560
289564
316771
324656
929989
981375
344275
380020
974007
342154
929652
558791
865008
10858
864880
665820
954796
50810
767566
327059
515796
620549
636286
528996
214903
536463
996948
221503
678258
334073
282414
163058
421877
378709
574262
502022
479307
200748
139672
24675
917888
117165
714010
509531
238545
962668
280613
55013
745243
796764
256303
536018
430930
664874
633944
572985
400581
591687
944809
641800
750824
191516
81562
176163
128538
27658
375318
649509
345530
827651
919711
967484
50815
330894
821435
865677
209712
658674
182384
907948
71479
202600
33079
921785
130077
945638
285764
544184
353919
577559
547044
698755
495436
819261
174882
201885
532920
267158
563608
208017
248092
312831
165535
5958
823749
908016
734888
500132
237798
938653
497818
311205
381471
136910
362822
978932
480436
122950
189900
666930
9284
590424
153710
773604
165165
17656
635742
362315
410827
173264
403191
141053
253775
693696
499029
894125
805481
491647
269720
695549
856479
216785
782780
803808
301781
72575
164583
74649
843234
408719
19846
925572
348814
73800
233087
406390
348740
542813
913947
813072
881678
49905
421799
875077
717112
748144
982301
72392
562109
529667
662556
65008
670382
972977
314357
820812
951736
278674
689437
836222
805908
740016
996444
180921
883897
200897
324594
477410
962177
178372
60227
306280
513914
711419
614783
19461
717477
815066
303371
531230
839476
333821
666664
609656
862711
23014
344374
727451
979661
634316
34625
708619
958074
572999
705055
260999
566798
821166
833169
738180
602255
740136
388
719702
339711
853269
830440
479458
495627
405946
155209
910979
706893
692027
622693
28370
736444
281490
919489
974200
691734
331724
99307
153451
283733
391314
908559
111290
965873
726262
199079
575808
257361
213573
288927
472640
944537
193799
228322
980730
169985
451648
787050
311941
553713
896662
941208
669338
574892
576281
815728
473334
791126
183293
912851
473555
21397
165683
874830
716560
106895
653813
35594
39089
906945
428275
360643
864937
48908
189386
387142
270441
76690
255381
125787
254519
714361
427275
544722
668153
643995
982874
876439
859337
422657
47160
603033
983105
605172
210073
396154
487422
688997
667473
543751
51252
184911
403240
543537
91518
160616
805872
40002
277866
738281
175223
560893
533955
446877
930200
745155
159115
129621
401593
157677
944450
935061
300155
43533
908373
569719
718051
940178
6928
522768
527611
372258
264169
735900
704391
424930
52625
83365
912594
506759
76951
442985
930883
11675
247791
124479
270918
234972
308053
488404
883658
176985
130700
942142
886671
167099
285717
189176
79040
608152
573555
506150
448576
391830
441949
54728
773418
701889
155082
307159
924456
86452
333871
539664
241401
439663
49713
778518
182905
959016
307104
173026
877985
711447
519094
744874
731442
276683
381944
794450
813788
963233
137214
503922
815067
877507
686335
115494
506711
576399
801039
923969
118916
844740
133600
673484
313186
63704
980982
917773
240032
512705
698004
228641
449627
164393
74342
549124
955813
25049
54158
517126
475948
18558
992473
221328
938440
613725
58356
27811
24585
812695
951329
662919
683592
352083
303202
223229
331634
789746
138478
407280
549300
275345
897923
395454
198990
962049
408374
741446
811353
81826
593740
268882
820518
319132
507730
84671
613365
140588
641820
377672
6048
315451
147350
591177
742674
113862
8748
477737
54276
566839
598610
73854
320192
109332
752461
279579
613278
590149
791487
875113
432726
584070
186539
365578
818933
737060
471356
546611
23864
424938
338225
278269
685998
185059
502031
743964
727106
534194
866445
154329
437902
335650
815850
543853
994900
566314
286494
940560
420626
444700
775508
669428
38673
308100
131287
348955
376582
223340
340171
423205
796870
769037
388157
963801
974827
975110
612383
574668
639485
790053
764516
26330
815839
744858
428911
561322
734572
891625
365030
721616
176005
343607
17329
981931
157773
346277
661270
247445
657194
715063
420791
970049
272881
784179
102047
449767
612600
961589
241284
434767
220044
924498
310170
251232
109821
319098
761108
902334
347963
816022
238384
696288
588391
479999
538961
801860
948381
486885
249102
388520
493296
45579
932842
212543
195189
921715
297382
931792
572972
563826
569660
397420
140249
653361
908675
848159
403278
374235
600109
403858
975071
371266
803043
729093
238424
274735
457945
25017
284018
121162
866229
12900
363890
698033
86047
464414
166850
995961
516891
233680
685730
785536
734426
474623
727885
437912
643994
531653
211670
680930
909141
671601
539090
76267
262549
539266
267937
519763
679573
728462
44499
495820
852850
186871
192595
432741
400317
88177
509093
131874
439104
618912
967454
913790
325174
332213
46391
689310
925821
105315
397078
524089
859544
202835
178625
103739
190285
871890
517450
467082
484981
276760
22048
416800
119696
690574
173089
755226
700174
864895
850424
695102
901621
264554
844018
931847
310024
588292
995531
419
490534
140803
904850
542353
695316
100688
536144
854073
969383
320570
299084
70269
907182
222944
619902
381571
296292
706070
79628
587051
613663
117321
370294
626440
44034
809243
502031
136844
892149
305031
767232
260020
939396
312479
536808
781390
42860
325261
849569
185642
761230
462399
944929
565140
144027
644826
690817
478376
50245
640427
553360
341583
310736
665988
229959
386130
314986
608485
185318
372053
548361
227065
140957
604241
994808
536460
228099
914501
201952
928168
87865
813023
228290
860424
580412
422189
445486
971194
197302
898471
198444
139865
853446
687267
135327
421543
678666
81110
877748
57048
903246
331397
948343
961809
62779
758847
880160
29504
967707
944422
375659
744521
436480
174174
383290
353040
940403
559507
797180
51211
981551
395133
220143
428896
113114
675188
41946
90250
89520
171048
179742
681507
814659
578074
830273
435130
678863
969999
740273
127177
830154
351542
385243
258043
186132
437866
786550
518223
587369
803485
750275
225566
264233
648851
401271
457560
242632
746704
993853
680598
999733
203337
656625
241011
223970
559282
578460
66168
534151
427583
897146
456464
675759
676858
646784
689426
293998
720143
856628
824665
881605
143108
569671
674435
230302
261764
612235
481880
104661
650777
127683
788496
996122
130728
773797
590178
792154
255930
219299
497722
682201
912808
474466
583058
421028
266762
60381
638044
664121
88256
75700
450779
632217
378367
452778
744835
206753
277399
787197
312716
284458
247801
361764
789785
816732
771164
688752
760526
288637
259728
965189
531768
71363
419323
112901
753169
296390
791098
636616
59417
226738
50813
469647
321494
822846
143579
72067
457973
31054
653068
209174
93006
575390
906955
857113
112907
979217
909573
255454
577910
160755
36713
334830
607709
384245
829288
876815
570469
624177
134988
286632
340230
775296
439978
663043
181018
810090
119332
79650
528119
12976
20888
828091
37303
273294
425879
973280
102531
129026
400594
389011
691973
950962
224194
657073
301094
341436
423135
938086
401582
686808
469692
899862
807172
249014
876648
702356
349850
241098
779288
973039
796364
320921
596695
658974
215797
554506
814144
619157
592716
175837
481754
501745
170003
172570
506849
310414
869748
117768
810205
53089
94112
368338
255476
166718
483041
372604
832271
179877
273320
676187
166108
740789
430659
180097
546497
426229
104877
853727
849016
220816
199464
497728
855097
133917
650259
280793
866333
148405
427588
248908
367870
712480
62815
801396
500003
241149
954871
895396
348800
263393
965532
67464
873763
492404
862059
453031
513598
35437
25931
191746
231828
854436
912573
905496
285321
270723
839794
269890
873172
292018
900347
155886
617662
162062
929249
65353
254521
620624
598563
514822
805271
666673
776036
624430
789114
24439
987848
321672
849714
517439
880054
259410
196349
756339
241534
855
303011
323855
745108
236384
816805
68370
325230
340770
681989
226116
931945
527227
846241
663826
815815
751478
575468
348853
852082
610127
936506
940281
792058
360155
391116
842310
276320
866456
498103
454670
167775
752749
741680
60868
913919
86441
845878
622148
217875
520044
805278
184474
418102
849256
566474
414649
608180
914245
936527
45673
262107
754305
612152
611230
937185
303896
887227
209474
221555
683163
157029
386963
313878
261117
735837
696332
313848
571280
37718
23955
455469
957833
600450
54415
121216
905359
965716
948479
800545
695318
979977
771053
112677
47724
185931
408462
463513
170846
157186
859402
602146
86907
849301
560404
379019
244503
934650
25626
564508
114918
516261
781623
359777
996685
564261
176846
418961
255015
105092
669537
116603
564493
833972
107473
583546
496275
651028
301727
980038
896702
303525
293174
721734
895244
329507
876248
386134
95076
642881
34775
743297
205448
838503
132461
58724
668963
853525
584991
410157
647715
401322
289189
300836
163927
134051
19874
455994
398422
560938
328104
455990
435190
969197
523162
181711
456675
317937
795442
586896
340787
603541
892675
21419
352600
41193
680431
844216
609340
80219
287190
752098
37914
398035
796267
635276
78596
584135
652570
102760
330289
925679
550648
349142
883062
535415
262473
665171
978207
782642
271217
49566
333368
87290
294415
422143
696100
356347
765841
866696
130005
406756
276650
479042
125114
440969
47849
8802
678842
748708
102925
996807
763252
172414
757017
663980
855568
327335
617823
628075
516920
801211
787216
365422
315537
841042
374999
602257
294623
184112
807415
147529
300490
595737
23116
709074
916314
687078
596229
634428
803746
842705
645973
910513
93985
905335
165079
486132
711271
623603
92606
609495
972546
627031
485179
338647
254438
439919
435647
561446
789099
712431
431441
716751
735962
965008
671420
720703
802363
172661
645110
821194
944620
232676
827752
971681
300336
287834
352037
943175
819462
603412
907482
302242
859038
153605
393527
725335
151984
121908
674888
911431
410253
945540
433290
656021
108352
794077
529860
307536
219352
676878
941298
749237
168486
934186
769972
562983
184498
551507
555564
127053
787663
531887
93842
344911
119462
602721
387354
389302
731631
962829
583603
156535
791414
674937
374311
873937
315218
965840
917820
362640
996286
7541
534167
31108
408742
531678
489818
262197
114094
848074
908167
334496
451667
479278
277245
508426
82935
395165
667349
734130
948508
464871
925933
67720
69212
324026
509062
93010
773592
283038
751726
589543
260684
978281
63011
694979
982423
114229
20710
159377
969092
731840
977820
232670
34686
245739
429031
214714
63572
545448
602564
628150
506839
781757
238845
884651
759550
568588
608094
230996
825027
278632
393293
468928
252630
332373
504510
253063
96150
171248
632171
641327
260630
729407
167632
394969
183252
480835
39216
705866
371915
785319
120626
593993
100747
920814
766914
26066
280023
459868
148449
739945
170935
874713
95681
387553
551054
61791
889008
351256
402240
764352
642940
913226
346575
74365
165971
807204
566009
186738
854642
93555
794696
445102
550283
633768
642210
451759
991674
936334
965341
545970
530441
535597
575143
72428
23285
272256
476164
104206
745369
551069
444997
929837
50633
114052
159722
578038
290612
137404
378854
156925
942608
65078
935732
802963
186338
72715
795389
888171
323908
352539
131751
412137
398686
204542
349705
462060
61757
658578
674521
567406
629083
552627
835098
853540
278861
726429
314658
706433
354361
597558
746723
313495
490916
77236
791348
51263
820618
542736
880166
460099
266371
720901
623611
211526
246650
464885
156316
117354
364100
863484
113046
998469
496935
376785
831486
873683
112771
608261
379670
534337
647123
415156
871189
824793
639412
264677
26536
547508
13376
111232
64659
750871
13355
636465
38696
596038
716334
466946
862201
668154
946729
876964
90597
566943
411857
164757
431598
298843
400032
530190
571662
395567
432780
555352
332537
665107
997869
858591
888062
199043
904190
986909
59138
596679
159619
870827
551634
767283
793625
302512
516543
697092
181765
679964
120384
692349
93213
665228
971580
796241
859114
924778
475146
495785
326719
455374
971540
520629
353181
25718
268517
166948
802901
853134
922659
229806
857135
975165
996213
495157
451942
804245
247103
891718
95753
956892
770164
700503
289401
490162
634212
213811
432206
77284
40065
698013
244280
167410
990496
780328
905981
413611
484788
81301
418332
54482
306842
520754
59084
103262
287425
844221
602857
503431
982180
378616
389099
55460
413670
548987
458577
2421
86419
377464
917511
263930
744387
753742
225315
851921
893851
672758
888427
291885
36605
306395
550227
721712
237854
764533
920813
605956
634544
765482
796719
569784
885936
19842
407970
857059
721290
836074
833906
402894
1629
679138
994263
130246
995683
339750
582444
331291
346975
446809
872026
354884
758130
81588
205492
885089
892070
340715
872553
856245
248182
410193
328414
822683
13633
745421
588226
311518
236363
644170
301787
862626
426476
937768
490955
703727
327441
179522
765887
448140
564926
460665
428608
661740
359287
889854
569690
225004
756532
364355
758104
817144
130083
357635
756941
825812
290917
18086
797635
913316
699286
853577
652456
943705
856195
542216
292125
296826
829663
666742
17509
468881
642243
746447
642228
842491
258064
532414
299987
26075
199127
164268
424659
589140
59313
153724
518540
657150
941439
902452
582291
317172
574493
279824
570476
911757
295668
162594
56387
974551
487127
273321
49284
25060
481604
335996
571120
573255
737140
887371
822472
912049
80110
739611
70288
323831
651347
209829
297490
413609
311849
441830
527534
430863
456592
228454
495285
655049
32917
769588
803242
645963
469882
73017
828780
224815
12129
772145
663773
676432
464475
196820
161160
164423
274462
933778
555551
644998
743252
323134
993697
537283
528699
903123
877209
27678
573577
563377
750296
90394
394645
12665
824771
21905
868134
604594
459279
215217
329979
430752
993852
822818
705841
483880
396158
261051
531857
568324
737662
682002
231418
932226
355905
45919
101554
325162
37884
234683
5287
627137
409275
927574
153246
989560
776611
779159
914096
338354
782060
393641
109949
625688
256312
518526
864899
25529
128200
357925
600199
910938
659758
491952
427268
341020
261341
208095
257926
726567
493319
244120
145540
266573
276993
694481
673267
539189
390021
725606
762744
689649
406620
184622
368237
829368
8085
477205
781335
340417
670459
41742
891896
46246
641830
859589
310550
974458
450549
214718
851816
474095
98134
415943
574810
146810
448528
427464
333841
248245
784496
710140
196554
953998
886824
467350
33832
545822
895940
364558
308233
824735
740510
190487
391661
893796
843635
128209
4995
959416
83758
634113
305558
553216
390388
537031
90278
466095
237107
558374
678058
754719
621285
478310
146665
636895
919526
956422
260908
810562
611903
873438
144887
473258
862327
478740
919003
117236
152017
639911
236849
493750
218105
883961
286737
643464
712675
367329
838836
349158
501554
333458
506877
893194
223952
223333
159418
40272
869135
720059
786705
597872
100142
9392
273760
75770
739250
276226
918681
581881
761845
930918
996133
430460
229051
381922
725693
630412
636682
538458
902434
249003
586100
532907
371126
233283
692365
397416
349830
287112
547702
530577
350470
891602
820816
182776
192676
666988
786851
290903
870560
136807
46678
922041
590834
456635
706679
61845
890274
87969
475169
153352
6287
505284
808782
574569
863659
434360
178328
708835
464866
848128
310470
180240
77654
158319
772324
640673
714140
257420
274012
768486
535154
241648
861799
892224
796559
616423
796938
145967
192809
279551
623287
907894
581504
788004
336820
164830
682549
173628
392470
452319
896853
616825
181340
782699
846020
88232
809769
635761
656160
808322
876094
609645
66944
90718
952030
87185
54128
28052
544596
665716
894311
900279
409327
113511
798678
853270
624507
443407
953682
381456
138774
436429
374426
342696
719079
317065
303075
818355
110911
568155
736380
459614
994246
571905
311774
943896
841311
803812
328954
822950
150077
962846
883785
48445
223359
526492
627044
748735
79838
503251
333182
104591
934983
152851
966613
251309
896731
167044
90251
749629
173988
837276
204298
59833
738537
720721
603808
11448
738162
257217
287217
209512
785899
909728
514114
778403
650909
215391
564675
991687
461882
460617
84092
541424
379680
882782
414641
836507
371512
587921
598619
239965
982750
79473
944314
389139
692108
874582
315263
287452
829842
99783
997393
583516
963405
804296
128840
362481
398417
491045
889477
806023
456841
516977
750214
69799
329467
316668
540764
916175
767779
957513
465965
290617
176977
526739
268682
414151
231919
733511
215681
187217
542154
159935
922012
776448
840616
73231
725937
7505
281841
304072
82717
604142
568092
939671
128310
202346
271002
909351
71809
736119
166148
840301
688873
721287
587295
573103
337769
881957
5358
80748
997170
734763
8178
294856
441645
855762
223701
530462
518266
479538
327885
504689
207925
855293
426266
583014
412362
860656
770629
404821
262981
461562
609897
215859
390572
420449
819929
782539
220092
714992
13330
388049
504601
781027
108981
637106
166551
146141
394344
408405
15534
539621
805317
98035
783545
145407
885431
988667
374978
919496
623579
346163
230796
913779
44825
808367
138685
807388
682939
764384
996574
340078
405842
440154
352140
899716
778138
551191
55587
908872
923366
922605
829258
708835
620314
475275
426405
517473
775347
349670
429023
486462
522118
65677
167705
77357
77166
864568
133848
586069
653870
833335
355271
153905
680322
187317
256393
970840
325879
342802
977811
389145
6961
955646
49363
774525
377510
495584
194443
64470
453658
386564
550425
806258
383939
998192
961116
163164
606753
67640
442685
979036
34765
